290	
	(0.5269224066,-0.1332434061)	(-0.01694791335,0.5092883241)	(0.3074545311,0.2070688868)	(0.0592857927,0.4223816526)	(-1,1.224646799e-16)
	(-0.8090169944,0.5877852523)	(0.9009688679,0.4338837391)	(-0.08257934547,-0.996584493)	(-0.5,-0.8660254038)	(-0.8090169944,-0.5877852523)
	(-0.8090169944,-0.5877852523)	(-0.5,-0.8660254038)	(-0.8090169944,0.5877852523)	(-0.5,-0.8660254038)	(-0.8090169944,-0.5877852523)
	(-0.8090169944,-0.5877852523)	(-0.5,-0.8660254038)	(0.5218545048,-0.1756079741)	(0.4899548011,-0.2735200535)	(0.4085583529,-0.4014623926)
	(0.2819876645,-0.5294492393)	(0.09183751507,-0.5962489069)	(-0.1210816416,-0.5913348806)	(-0.3368121461,-0.4986787314)	(-0.4964912445,-0.2934432829)
	(-0.5706368003,-0.0379792254)	(-0.5509015786,0.2139843855)	(-0.4250890714,0.4101794511)	(-0.2313604558,0.5090216621)	(0.184355767,0.4184270144)
	(0.3435264987,0.2626800321)	(0.4267036399,0.07957091462)	(0.4705451415,-0.070261241)	(0.4735094768,-0.1662250791)	(0.4742424878,-0.1962422554)
	(0.472954547,-0.1691591229)	(0.4662931055,-0.1055132765)	(0.4336609875,-0.0142507064)	(0.407173233,0.07465664485)	(0.3621205151,0.1491896194)
	(0.3244497661,0.1945198576)	(0.3291361629,0.1874682351)	(0.3678201035,0.1319271858)	(0.4069552837,0.04512249367)	(0.43961613,-0.05315973222)
	(0.4460782861,-0.1510320506)	(0.4507822898,-0.2228152516)	(0.4367318702,-0.2447106172)	(0.4378423199,-0.2065829385)	(0.4472498076,-0.1049864968)
	(0.4455767897,0.05069037522)	(0.380818849,0.2197266464)	(0.2407994804,0.3465710108)	(-0.142200368,0.3898540201)	(-0.3152986977,0.269622603)
	(-0.4212117563,0.08349059792)	(-0.4353290647,-0.1319873841)	(-0.3684639704,-0.3403790802)	(-0.2326025874,-0.5048493196)	(-0.04408608737,-0.5812164611)
	(0.1425631009,-0.5646053162)	(0.309295553,-0.4948020803)	(0.4196166128,-0.3740229991)	(0.4916659052,-0.2574543326)	(0.5303807433,-0.1677820745)
	(-0.9831141728,0.1829932329)	(-0.9831141732,0.1829932307)	(-0.3748021559,0.9271048182)	(-0.02940028859,0.9995677181)	(-0.06496730567,0.997887393)
	(0.4297348231,0.9029551383)	(0.8120335867,0.5836107042)	(0.9970547654,-0.0766928599)	(0.8240146803,-0.5665684483)	(0.4285557591,-0.9035153354)
	(-0.2985148115,-0.9544050017)	(-0.9850602544,-0.1722100325)	(-0.985060254,-0.1722100348)	(-0.8090169944,-0.5877852523)	(0.05233595624,-0.9986295348)
	(0.5877852523,-0.8090169944)	(0.9335804265,-0.3583679495)	(0.9781476007,0.2079116908)	(0.7071067812,0.7071067812)	(0.2079116908,0.9781476007)
	(-0.3583679495,0.9335804265)	(0.1481135627,-0.483768605)	(-0.0715292454,-0.614076377)	(0.3501529406,-0.4234855252)	(-0.265225019,-0.6569020047)
	(-0.01662634074,-0.6065351346)	(-0.5725107936,-0.5133277012)	(-0.4900502483,-0.5478889904)	(0.5474067433,-0.05009058765)	(0.5739994894,0.2101292674)
	(0.05413660983,-0.6211982365)	(0.04141122924,0.6182012444)	(-0.5761421361,0.3138480424)	(-0.7013663165,0.2175764069)	(-0.3400862924,-0.6097265833)
	(0.03243060549,-0.5867537202)	(0.2785018425,-0.3818338562)	(0.2681155128,-0.3826585367)	(-0.7770915608,-0.03873597415)	(0.4683248306,0.4686848124)
	(0.3255034711,-0.4397539945)	(-0.5555001857,-0.6124226026)	(0.3243420761,-0.6443377271)	(-0.4949765557,-0.6229558408)	(0.08607004838,-0.5694092618)
	(-0.04524982324,-0.6322331148)	(-0.003461390844,-0.6132162964)	(0.3619860028,-0.1680842296)	(0.3605817721,-0.1708774616)	(-0.7761461909,-0.4430972592)
	(-0.1137483256,0.6902191062)	(-0.5870671118,-0.3643100513)	(0.5105968597,-0.01970678792)	(-0.08806635369,-0.7160756379)	(-0.04774565895,-0.5886631616)
	(-0.0782034033,-0.5983310896)	(0.6334366473,-0.36463965)	(-0.5142053437,0.4452955643)	(0.2228179005,-0.5309937092)	(0.7920659754,0.02133738671)
	(-0.8387004674,-0.3325184085)	(-0.8542547256,0.003290570837)	(0.567042726,0.5026087763)	(0.1410001442,0.476044705)	(-0.5994543746,0.5883318947)
	(0.2876658392,-0.4603025469)	(-0.224161675,0.7309746953)	(-0.400760536,-0.4901092505)	(-0.5617419079,-0.1810436036)	(-0.3187988494,0.4031685481)
	(0.3356574347,-0.3392009323)	(0.2109298656,-0.4902542577)	(0.3124218954,-0.3877781273)	(-0.5237835878,-0.5693132816)	(0.2887164688,-0.4960693503)
	(-0.4993735999,-0.5703771838)	(-0.3614056857,-0.6576869615)	(0.3224847696,-0.4225649892)	(-0.8691911746,-0.2471137984)	(-0.529819494,-0.5916486358)
	(0.4333621772,0.2818531175)	(0.3126179498,0.7110800788)	(-0.2862956918,-0.6893659238)	(0.4586114639,-0.07709215719)	(0.3186046203,-0.7031045874)
	(0.6481106734,-0.508295132)	(-0.1709574492,-0.6277553975)	(-0.09392712332,-0.6180923361)	(-0.7262057941,0.3365445174)	(0.3886133392,0.2815674543)
	(-0.002136964252,-0.6771143165)	(0.8035870482,0.0507482932)	(0.3752994255,-0.3236466169)	(-0.4214181544,-0.6277124089)	(-0.1530798971,0.4381385051)
	(-0.6041837145,-0.1984425947)	(-0.06199771513,0.6181221609)	(-0.7722867055,-0.5443508453)	(0.2799334612,0.770374312)	(-0.5151053522,0.01475295511)
	(0.2499578096,-0.4513021159)	(0.3888791306,-0.1367856435)	(0.4640065304,-0.1054314794)	(0.3874073517,-0.1416500728)	(0.3831673568,-0.001001482455)
	(-0.887779491,-0.1106478702)	(-0.7304488929,-0.4312867882)	(-0.01816007348,-0.6291438821)	(-0.3093358835,-0.5568499197)	(-0.06359031304,-0.8412473406)
	(0.2728480013,-0.3621465854)	(0.2518222057,-0.3929187353)	(-0.7483068221,-0.5305300221)	(-0.07725610445,-0.5930241221)	(-0.07739271111,-0.6222807066)
	(-0.2151485652,-0.6350962895)	(-0.611940327,0.06927839919)	(-0.2401413588,-0.6422752178)	(0.1052410864,-0.5350492519)	(-0.3139635586,-0.6341234002)
	(-0.6782098132,-0.6142560636)	(-0.01098552848,-0.8272653422)	(0.3359059778,-0.4067002995)	(0.1099406303,0.5636611936)	(0.08126262852,-0.5569131197)
	(0.08748921887,-0.6939542159)	(0.3174863686,-0.2852783855)	(-0.3882354857,-0.7538599536)	(0.689815131,0.4522566204)	(0.2371030542,-0.5305880484)
	(0.4269208144,-0.3932100695)	(-0.8024374629,0.3632934548)	(0.6206053333,0.1710445892)	(0.2788569651,-0.434597599)	(0.3895119657,-0.1832327917)
	(0.3867211043,-0.2309301427)	(0.4237392406,-0.202785861)	(-0.7261514367,-0.3035726496)	(0.2685820376,-0.5031940596)	(-0.4095607562,0.4957224134)
	(0.8997330776,0.2155221444)	(-0.4192235964,0.7002677338)	(-0.4091037254,-0.4189501421)	(-0.6669133242,-0.3589698768)	(0.4880599305,-0.3596796379)
	(-0.2678892887,-0.618272768)	(-0.9199226036,-0.2509659811)	(-0.07714404913,-0.6488924248)	(-0.4995237348,0.6737737561)	(-0.04479469806,-0.6404691727)
	(-0.6861344175,0.02694114635)	(0.1867913405,-0.5458539532)	(0.3938090042,-0.3950998953)	(0.3654831088,-0.3413456396)	(-0.872835826,0.200505891)
	(0.2118896646,-0.8566115957)	(0.1431061471,-0.5753337763)	(-0.3443196011,0.509471056)	(0.4056333069,0.4529308887)	(-0.4340178141,-0.7349832657)
	(-0.2408123131,0.7345251822)	(-0.2738177154,-0.6127680144)	(-0.01729429548,-0.5813061854)	(0.6041252963,-0.04925277248)	(0.1415220604,0.420501658)
	(-0.1571132178,-0.5831807166)	(0.4022251593,0.2066822582)	(-0.2857833184,-0.6242135741)	(-0.2075666428,-0.6748926455)	(-0.7555228029,-0.05205527212)
	(-0.5659243891,-0.5767197203)	(-0.4281766795,-0.4459043783)	(-0.7411180779,-0.4624116386)	(-0.3400205136,-0.6184569269)	(-0.5861822818,-0.6394434498)
	(0.7376269242,-0.4510384115)	(-0.2037039998,-0.9346950054)	(0.3807743025,0.004760542634)	(0.4144625203,0.1608950728)	(0.3785292289,0.01824491545)
	(0.8718540326,-0.194241468)	(0.1017728085,-0.5206746536)	(-0.2748547833,-0.645007117)	(-0.6910140647,-0.4695334157)	(0.3470689853,-0.3439479447)
	(0.1456746848,0.8091110384)	(0.3497658919,-0.3371339713)	(-0.07488577897,0.4229193475)	(0.1973617033,-0.5062686011)	(-0.9647015727,-0.1349137509)
	(-0.3550323293,0.8646802759)	(-0.3315491989,0.5157909938)	(-0.2126588858,-0.6525166409)	(0.09522714124,-0.6020283542)	(-0.7504918311,-0.453327985)
	(-0.7090565574,-0.4720212749)	(-0.607930067,0.7086850199)	(0.1318882755,-0.5875025238)	(-0.609209904,-0.2664216064)	(-0.9594422748,-0.09540992064)
	(0.3468034943,0.3842697265)	(0.1275478921,-0.5013386716)	(-0.4441926929,0.1462157224)	(-0.5446883167,0.2502551433)	(0.5444028442,-0.3579571509)
	(0.03592746997,-0.5726568139)	(0.2398617869,0.4584701963)	(0.7509092848,0.4792609187)	(-0.9390010115,0.03796029015)	(-0.1006620861,-0.611121356)
	(0.1504615467,-0.5213280139)	(0.3848911561,-0.398262532)	(0.6616519183,-0.142618443)	(0.2135884263,0.6088683834)	(-0.3388361481,0.2844430944)
	(0.5376065079,0.7174810924)	(-0.500167747,-0.4983772715)	(-0.3786564532,-0.5468590393)	(-0.1212488751,0.8810826126)	(-0.7175605673,-0.4083146534)
	(0.2083830992,-0.6366952875)	(-0.5963895628,0.3917832597)	(0.5052814755,-0.6961404993)	(-0.1753425424,-0.6955164286)	(-0.4563064241,0.2883948922)
	
