# Sparse Matrix (Morse)  
# first line: n m (is symmetic) nbcoef 
# after for each nonzero coefficient:   i j a_ij where (i,j) \in  {1,...,n}x{1,...,m} 
290 290 0  1858
        1         1 (1.6952902226952346609,0)
        1        18 (-0.302223125867914999,0)
        1        65 (-0.39996185845074500032,0)
        1       218 (-0.99310523837657471713,0)
        2         2 (1.788611318473101619,0)
        2        29 (-0.23703847229065211355,0)
        2        30 (-0.24914809583483799038,0)
        2       189 (-0.38130800235518957919,0)
        2       272 (-0.92111674799242204692,0)
        3         3 (1.6694819529721947049,0)
        3        41 (-0.3821336607378592598,0)
        3        42 (-0.39296808632424734542,0)
        3       170 (-0.89438020591008848825,0)
        4         4 (1.7581767344639422923,0)
        4        53 (-0.41593114884040510715,0)
        4        54 (-0.22026794565058407938,0)
        4       155 (-0.37399671768002773486,0)
        4       230 (-0.74798092229292523214,0)
        5         5 (2.2068326576915797688,0)
        5        66 (-0.19071223481341170736,0)
        5        67 (-0.10345682344906471928,0)
        5       212 (-0.44860744116809175841,0)
        5       255 (-0.75457483875442377119,0)
        5       265 (-0.70948131950658810396,0)
        6         6 (2.1081595744964043426,0)
        6        66 (-0.47783839569111696832,0)
        6        68 (-0.068216799165510461078,0)
        6       197 (-0.57307249797511194966,0)
        6       262 (-0.94147193667043604925,0)
        6       274 (-0.047559944994228775528,0)
        7         7 (1.0245057719012504727,0)
        7        72 (-0.2624661335304544485,0)
        7        73 (-0.25758041320797325779,0)
        7       206 (-0.50445922516282282189,0)
        8         8 (2.1253699015138853845,0)
        8        75 (-0.030730074552937747256,0)
        8        76 (-0.29239613693149324458,0)
        8       221 (-0.75297564557922647133,0)
        8       242 (-1.0492680444502280324,0)
        9         9 (1.064953441370561471,0)
        9        14 (-0.071686031028428576217,0)
        9        76 (-0.86629746370444249415,0)
        9       242 (-0.12696994663769065048,0)
       10        10 (1.2271231412436442998,0)
       10        15 (-0.37603526313754409571,0)
       10        77 (-0.04392338010371665824,0)
       10       178 (-0.80716449800238332379,0)
       11        11 (1.2143630780583003492,0)
       11        78 (-0.099877075514086977037,0)
       11        79 (-0.37494918442430480443,0)
       11       163 (-0.7395368181199087898,0)
       12        12 (1.6914141414113028627,0)
       12        17 (-1.5277777777745986665,0)
       12        80 (-0.16363636363670416851,0)
       13        13 (1.9462778120358070755,0)
       13        67 (-0.22532521764710355949,0)
       13        86 (-0.25944194835745759686,0)
       13       154 (-0.30908928801985829926,0)
       13       214 (-0.41643799098663136782,0)
       13       220 (-0.73598336702475630755,0)
       14         9 (-0.071686031028428576217,0)
       14        14 (3.0985225160538290012,0)
       14        15 (-0.053055766383174565726,0)
       14       156 (-0.2818560290425555781,0)
       14       187 (-0.58490446088579695072,0)
       14       191 (-0.44443215013388426282,0)
       14       225 (-0.9503151913650107474,0)
       14       242 (-0.71227288721497805657,0)
       15        10 (-0.37603526313754409571,0)
       15        14 (-0.053055766383174565726,0)
       15        15 (2.4387134692909619993,0)
       15       178 (-0.21209308970612722467,0)
       15       225 (-0.80570968159935152375,0)
       15       240 (-0.99181966846476465882,0)
       16        16 (3.0851218001363531762,0)
       16        17 (0.053579686595000612648,0)
       16        79 (-0.29983359259631231497,0)
       16       142 (-0.22997553320458535842,0)
       16       183 (-0.57768000666590979542,0)
       16       186 (-0.71262671229759488867,0)
       16       193 (-0.88393199183672621633,0)
       16       234 (-0.43465365013022605467,0)
       17        12 (-1.5277777777745986665,0)
       17        16 (0.053579686595000612648,0)
       17        17 (3.3055205746662323918,0)
       17        80 (-0.051708551573353855879,0)
       17       175 (-0.75705191673960114951,0)
       17       193 (-1.022562015173679395,0)
       18         1 (-0.302223125867914999,0)
       18        18 (1.6658191317807558018,0)
       18        19 (-0.15849029422638039044,0)
       18       218 (-0.2064112618997285542,0)
       18       277 (-0.99869444978673194147,0)
       19        18 (-0.15849029422638039044,0)
       19        19 (1.6058209233732978483,0)
       19        20 (-0.34693330714404824189,0)
       19       195 (-0.53334872402110666822,0)
       19       277 (-0.56704859798176243668,0)
       20        19 (-0.34693330714404824189,0)
       20        20 (1.7143858659534843003,0)
       20        21 (-0.20153488925283788435,0)
       20       195 (-0.26970447098810046427,0)
       20       222 (-0.89621319856849757102,0)
       21        20 (-0.20153488925283788435,0)
       21        21 (1.712919539354363696,0)
       21        22 (-0.45252672965585077902,0)
       21       152 (-0.38866029442898181179,0)
       21       222 (-0.67019762601669330415,0)
       22        21 (-0.45252672965585077902,0)
       22        22 (1.7407731982441259078,0)
       22        23 (-0.2501847811577132541,0)
       22       152 (-0.32183347699242065287,0)
       22       174 (-0.71622821043814099973,0)
       23        22 (-0.25018478115771314307,0)
       23        23 (1.7183458553151556014,0)
       23        24 (-0.12166515158905000238,0)
       23       174 (-0.61192525253974272559,0)
       23       237 (-0.73457067002864973038,0)
       24        23 (-0.12166515158905000238,0)
       24        24 (1.7772515608986592106,0)
       24        25 (-0.37375929834696930421,0)
       24       161 (-0.45274562947065999374,0)
       24       237 (-0.82908148149198024335,0)
       25        24 (-0.37375929834696930421,0)
       25        25 (1.7560003836941426858,0)
       25        26 (-0.33171601623666435721,0)
       25       161 (-0.2722832023116009692,0)
       25       182 (-0.77824186679890772211,0)
       26        25 (-0.33171601623666441272,0)
       26        26 (1.9058618373572442373,0)
       26        27 (-0.18042676473100346946,0)
       26       182 (-0.21968808509189191591,0)
       26       269 (-1.1740309712976841894,0)
       27        26 (-0.18042676473100333068,0)
       27        27 (1.6450704865197649518,0)
       27        28 (-0.1451466879159791501,0)
       27       205 (-0.32605865080499513153,0)
       27       257 (-0.5960576053710127109,0)
       27       269 (-0.39738077769677471185,0)
       28        27 (-0.14514668791597917785,0)
       28        28 (1.8002206381060816831,0)
       28        29 (-0.30604585356429647724,0)
       28       162 (-0.39264671700524494957,0)
       28       257 (-0.9563813796205609119,0)
       29         2 (-0.23703847229065214131,0)
       29        28 (-0.30604585356429647724,0)
       29        29 (1.7165365090767232825,0)
       29       162 (-0.48292182894078583555,0)
       29       189 (-0.69053035428098907822,0)
       30         2 (-0.24914809583483793487,0)
       30        30 (1.7046489908947957126,0)
       30        31 (-0.16217712057802799452,0)
       30       146 (-0.14407982696740409545,0)
       30       232 (-0.7543674790291232668,0)
       30       272 (-0.39487646848540236544,0)
       31        30 (-0.16217712057802802228,0)
       31        31 (1.7885564644241411791,0)
       31        32 (-0.37845694598567847233,0)
       31       149 (-0.37142372918421073802,0)
       31       232 (-0.87649866867622394651,0)
       32        31 (-0.37845694598567847233,0)
       32        32 (1.7606357686559934717,0)
       32        33 (-0.19621885647790296425,0)
       32       149 (-0.372294316837471162,0)
       32       202 (-0.81366564935494101185,0)
       33        32 (-0.19621885647790296425,0)
       33        33 (1.7526239120581319497,0)
       33        34 (-0.40385648384759825769,0)
       33       143 (-0.39274682240910863129,0)
       33       202 (-0.75980174932352229078,0)
       34        33 (-0.40385648384759825769,0)
       34        34 (1.7419732060729917755,0)
       34        35 (-0.23690139547551147814,0)
       34       143 (-0.36524611950952529105,0)
       34       188 (-0.73596920724035685968,0)
       35        34 (-0.23690139547551147814,0)
       35        35 (1.7195631032667710869,0)
       35        36 (-0.38014555842806019292,0)
       35       131 (-0.40675482834636295104,0)
       35       188 (-0.69576132101683652031,0)
       36        35 (-0.38014555842806019292,0)
       36        36 (1.7856696603638497756,0)
       36        37 (-0.19303527895667005332,0)
       36       131 (-0.29894271374948006015,0)
       36       219 (-0.91354610922963941366,0)
       37        36 (-0.19303527895667005332,0)
       37        37 (1.6942391762093877983,0)
       37        38 (-0.41078444339784175865,0)
       37       138 (-0.34584674176397844914,0)
       37       201 (-0.10998379160333929261,0)
       37       219 (-0.63458892048755810578,0)
       38        37 (-0.41078444339784175865,0)
       38        38 (1.9071062569635341966,0)
       38        39 (-0.37325792350385694762,0)
       38       201 (-1.1230638900618354903,0)
       39        38 (-0.37325792350385689211,0)
       39        39 (1.6859949288676197021,0)
       39        40 (-0.36920926042039325932,0)
       39       169 (-0.67671949233220018982,0)
       39       201 (-0.26680825261116947189,0)
       40        39 (-0.36920926042039314829,0)
       40        40 (1.6693029234682184025,0)
       40        41 (-0.14124975728110422679,0)
       40       169 (-0.30820260456283754547,0)
       40       245 (-0.85064130120388325995,0)
       41         3 (-0.3821336607378592598,0)
       41        40 (-0.14124975728110422679,0)
       41        41 (1.6798923194600832165,0)
       41       170 (-0.18954800965575666072,0)
       41       245 (-0.9669608917853633745,0)
       42         3 (-0.39296808632424734542,0)
       42        42 (1.6912440318158843411,0)
       42        43 (-0.15498589509579135948,0)
       42       170 (-0.16229767947972900677,0)
       42       243 (-0.98099237091611624084,0)
       43        42 (-0.15498589509579135948,0)
       43        43 (1.6176375505136471045,0)
       43        44 (-0.31215437470381279805,0)
       43       167 (-0.40987106978481324671,0)
       43       243 (-0.74062621092922986676,0)
       44        43 (-0.31215437470381279805,0)
       44        44 (1.6512333121614273246,0)
       44        45 (-0.17446273085547001069,0)
       44       167 (-0.46014929814984723011,0)
       44       200 (-0.70446690845229709144,0)
       45        44 (-0.17446273085547001069,0)
       45        45 (1.6875793582688534133,0)
       45        46 (-0.32968163086814378238,0)
       45       136 (-0.4400855406401317782,0)
       45       200 (-0.74334945590510759228,0)
       46        45 (-0.32968163086814378238,0)
       46        46 (1.8095139484402791297,0)
       46        47 (-0.14036031139675664292,0)
       46       136 (-0.31482702503461140742,0)
       46       250 (-1.024644981140767408,0)
       47        46 (-0.14036031139675664292,0)
       47        47 (1.6584344911481883056,0)
       47        48 (-0.26112268427150109318,0)
       47       137 (-0.19837972695105160481,0)
       47       199 (-0.39771041252357419715,0)
       47       250 (-0.66086135600530493406,0)
       48        47 (-0.26112268427150109318,0)
       48        48 (1.8521108246835860101,0)
       48        49 (-0.37818861381316359882,0)
       48       166 (-0.16898564303445579027,0)
       48       199 (-1.0438138835644652502,0)
       49        48 (-0.37818861381316365433,0)
       49        49 (1.7336563111443799023,0)
       49        50 (-0.17821066267880289469,0)
       49       166 (-0.63585465477892499919,0)
       49       252 (-0.54140237987348860393,0)
       50        49 (-0.17821066267880300571,0)
       50        50 (1.7896611865344032033,0)
       50        51 (-0.3845633539553879876,0)
       50       158 (-0.36475035893723706248,0)
       50       252 (-0.86213681096297500872,0)
       51        50 (-0.38456335395538787658,0)
       51        51 (1.7268070953511265309,0)
       51        52 (-0.37858488785901289742,0)
       51       158 (-0.46386205703639460385,0)
       51       168 (-0.4997967965003310975,0)
       52        51 (-0.37858488785901289742,0)
       52        52 (1.7815924410672245859,0)
       52        53 (-0.13061961959113804754,0)
       52       168 (-0.42349077983974453554,0)
       52       244 (-0.84889715377732877233,0)
       53         4 (-0.41593114884040510715,0)
       53        52 (-0.13061961959113804754,0)
       53        53 (1.827489211207097064,0)
       53       155 (-0.34077259871430132243,0)
       53       244 (-0.94016584406125236484,0)
       54         4 (-0.22026794565058424591,0)
       54        54 (1.7689660558239308497,0)
       54        55 (-0.14430152772577856113,0)
       54       230 (-0.53029148542607962291,0)
       54       253 (-0.87410509702148841971,0)
       55        54 (-0.14430152772577856113,0)
       55        55 (1.656634116493626685,0)
       55        56 (-0.2035564788670003733,0)
       55       160 (-0.28338806972816138474,0)
       55       253 (-0.63357488031080722024,0)
       55       280 (-0.39181315986187920108,0)
       56        55 (-0.20355647886700040106,0)
       56        56 (1.8099286645668468676,0)
       56        57 (-0.18383293354502869277,0)
       56       268 (-0.43384188863277761694,0)
       56       280 (-0.9886973635220397405,0)
       57        56 (-0.18383293354502874828,0)
       57        57 (1.7442254427023611285,0)
       57        58 (-0.32592401652110530863,0)
       57       165 (-0.45025340520242523867,0)
       57       268 (-0.78421508743380197171,0)
       58        57 (-0.32592401652110530863,0)
       58        58 (1.7271021038659364333,0)
       58        59 (-0.44068371633686359568,0)
       58       134 (-0.42633426927251855121,0)
       58       165 (-0.53416010173544892226,0)
       59        58 (-0.44068371633686354016,0)
       59        59 (1.8347612032352511591,0)
       59        60 (-0.26273673066826364053,0)
       59       134 (-0.19108185258163098985,0)
       59       208 (-0.94025890364849273872,0)
       60        59 (-0.26273673066826369604,0)
       60        60 (1.6283069625808850311,0)
       60        61 (-0.28361194222215813099,0)
       60       133 (-0.27763177779832454162,0)
       60       208 (-0.4654608971397906636,0)
       60       231 (-0.33886561475234805441,0)
       61        60 (-0.28361194222215807548,0)
       61        61 (1.9141338893881665317,0)
       61        62 (-0.43610164743753765393,0)
       61       153 (-0.064667656557941877171,0)
       61       231 (-1.1297526431705291472,0)
       62        61 (-0.43610164743753759842,0)
       62        62 (1.719332881113887268,0)
       62        63 (-0.15415402093934260641,0)
       62       153 (-0.42789114172751907539,0)
       62       217 (-0.70118607100948815436,0)
       63        62 (-0.15415402093934260641,0)
       63        63 (1.6893840553303516305,0)
       63        64 (-0.25855674701247044478,0)
       63       204 (-0.4074598448981107679,0)
       63       217 (-0.86921344248042764491,0)
       64        63 (-0.25855674701247044478,0)
       64        64 (1.6844264956419265911,0)
       64        65 (-0.43868102050021551275,0)
       64       140 (-0.19216087213732335748,0)
       64       204 (-0.79502785599191716503,0)
       65         1 (-0.3999618584507449448,0)
       65        64 (-0.43868102050021551275,0)
       65        65 (1.6095366113369762306,0)
       65       140 (-0.56902554333141497356,0)
       65       218 (-0.20186818905460079954,0)
       66         5 (-0.19071223481341176287,0)
       66         6 (-0.47783839569111691281,0)
       66        66 (2.4736602655113633098,0)
       66       255 (-0.58137585848369643937,0)
       66       274 (-1.2237337765231381947,0)
       67         5 (-0.10345682344906471928,0)
       67        13 (-0.22532521764710355949,0)
       67        67 (2.2360458017188866719,0)
       67       171 (-0.33445552762129426849,0)
       67       220 (-0.69677801010701645446,0)
       67       265 (-0.87603022289440768411,0)
       68         6 (-0.068216799165510461078,0)
       68        68 (1.3817051110907456746,0)
       68        69 (-0.320616921011550704,0)
       68       256 (-0.27854968902000337705,0)
       68       262 (-0.7143217018936811602,0)
       69        68 (-0.32061692101155064849,0)
       69        69 (1.2808783578539704173,0)
       69        70 (-0.12212062858443090141,0)
       69       256 (-0.83814080825798853436,0)
       70        69 (-0.12212062858443090141,0)
       70        70 (2.739015108005746324,0)
       70        71 (-0.34612231363869133682,0)
       70       207 (-0.76089061969125626472,0)
       70       226 (-0.67630439373703254979,0)
       70       251 (-0.18724749442163685087,0)
       70       256 (-0.64632965793269792076,0)
       71        70 (-0.34612231363869139233,0)
       71        71 (2.1422103640649874379,0)
       71        72 (0.0043375735481829269524,0)
       71       251 (-0.87568180360112735094,0)
       71       281 (-0.92474382037335145501,0)
       72         7 (-0.2624661335304544485,0)
       72        71 (0.004337573548182954708,0)
       72        72 (2.3375601936139078774,0)
       72       194 (-0.41914079542480603413,0)
       72       206 (-0.61503107757740338446,0)
       72       281 (-1.0452597606294273813,0)
       73         7 (-0.25758041320797325779,0)
       73        73 (1.7899670395194218209,0)
       73        74 (-0.10261519982785230476,0)
       73       206 (-0.66911595363804821091,0)
       73       246 (-0.76065547284554779761,0)
       74        73 (-0.10261519982785233251,0)
       74        74 (1.8074727498675702275,0)
       74        75 (-0.30112492097388809942,0)
       74       151 (-0.51488469654810642417,0)
       74       246 (-0.88884793251772342693,0)
       75         8 (-0.030730074552937747256,0)
       75        74 (-0.30112492097388809942,0)
       75        75 (1.8708547079211541586,0)
       75       151 (-0.51978824600859985239,0)
       75       221 (-1.0192114663857287926,0)
       76         8 (-0.29239613693149302254,0)
       76         9 (-0.86629746370444249415,0)
       76        76 (2.3059880439125262086,0)
       76       242 (-1.1472944432765903588,0)
       77        10 (-0.043923380103716630485,0)
       77        77 (2.5036764563131717054,0)
       77        78 (-0.27418236366998210984,0)
       77       172 (-0.65601319999332141641,0)
       77       178 (-0.53840525020054652572,0)
       77       261 (-0.99115226234560482865,0)
       78        11 (-0.099877075514087004793,0)
       78        77 (-0.27418236366998210984,0)
       78        78 (2.5111352643393796136,0)
       78       163 (-0.37697283524507851915,0)
       78       172 (-0.66856679772171412335,0)
       78       238 (-1.0915361921885180507,0)
       79        11 (-0.37494918442430480443,0)
       79        16 (-0.29983359259631231497,0)
       79        79 (1.7654982830497818469,0)
       79       163 (-0.38413344386254422158,0)
       79       186 (-0.70658206216662011734,0)
       80        12 (-0.16363636363670416851,0)
       80        17 (-0.051708551573353855879,0)
       80        80 (1.7300871699197142295,0)
       80        81 (-0.18958902191483029132,0)
       80       150 (-0.1453230284427103336,0)
       80       175 (-0.79640695318735166275,0)
       80       288 (-0.3834232511647639452,0)
       81        80 (-0.18958902191483029132,0)
       81        81 (1.8999923629109229939,0)
       81        82 (-0.1040131079108046197,0)
       81       241 (-0.56535435259310373723,0)
       81       288 (-1.0410358804921844289,0)
       82        81 (-0.1040131079108046197,0)
       82        82 (1.8551939111222719436,0)
       82        83 (-0.39302505260752734761,0)
       82       157 (-0.39959726005238038749,0)
       82       241 (-0.95855849055155961658,0)
       83        82 (-0.39302505260752734761,0)
       83        83 (1.924109585509060194,0)
       83        84 (-0.049148304143120213894,0)
       83       157 (-0.38332187372058407204,0)
       83       273 (-1.0986143550378284495,0)
       84        83 (-0.049148304143120158383,0)
       84        84 (1.8812218235900455277,0)
       84        85 (-0.31807959502153243525,0)
       84       164 (-0.46260055420160028916,0)
       84       273 (-1.0513933702237925338,0)
       85        84 (-0.31807959502153243525,0)
       85        85 (1.8904472242305907503,0)
       85        86 (-0.014818375500333991202,0)
       85       164 (-0.50321421488392914512,0)
       85       284 (-1.0543350388247949567,0)
       86        13 (-0.25944194835745759686,0)
       86        85 (-0.014818375500333991202,0)
       86        86 (1.8561057824479183509,0)
       86       214 (-0.67282881104770853042,0)
       86       284 (-0.90901664754241839894,0)
       87        87 (3.5129921470173117726,0)
       87       176 (-0.65211468397084426663,0)
       87       177 (-0.47167797524903609663,0)
       87       179 (-0.60198447097911400583,0)
       87       192 (-0.66202867601093084993,0)
       87       228 (-0.7307638717461040212,0)
       87       247 (-0.39442246906128242134,0)
       88        88 (3.6707112081430572914,0)
       88       180 (-0.48663477021911405451,0)
       88       184 (-0.33323833007341630008,0)
       88       185 (-0.30922661327641320916,0)
       88       248 (-0.77397937662921267865,0)
       88       275 (-0.82482111233414867613,0)
       88       276 (-0.94281100561075126265,0)
       89        89 (3.7019130641656352587,0)
       89       158 (-0.72587070331083825003,0)
       89       168 (-0.71721762559131896353,0)
       89       210 (-0.77795023383079331403,0)
       89       263 (-0.84395342425638852912,0)
       89       286 (-0.63692107717629575792,0)
       90        90 (3.6166598101788269837,0)
       90       145 (-0.26438739106383291055,0)
       90       159 (-0.44177234701380319049,0)
       90       213 (-0.64911460568341805555,0)
       90       215 (-0.65422546180381868641,0)
       90       236 (-0.97210479706487473717,0)
       90       259 (-0.63505520754907918146,0)
       91        91 (3.7977361870752597284,0)
       91       173 (-0.39027033468755650825,0)
       91       181 (-0.65040115951066712618,0)
       91       190 (-0.87078924130775114953,0)
       91       254 (-1.0159045789879324051,0)
       91       258 (-0.87037087258135226175,0)
       92        92 (3.8554427966402737837,0)
       92       144 (-0.16608578134827173267,0)
       92       152 (-0.18254376336703564965,0)
       92       203 (-0.55120596708056024404,0)
       92       239 (-0.98731969827959487063,0)
       92       249 (-1.0591598484317450435,0)
       92       282 (-0.90912773813306646531,0)
       93        93 (3.8524570214720550432,0)
       93       145 (-0.21783657868296807392,0)
       93       153 (-0.22694923892688556588,0)
       93       209 (-0.32953189467848076344,0)
       93       233 (-1.0462944634989892467,0)
       93       283 (-0.94457410608020775378,0)
       93       285 (-1.0872707396045231398,0)
       94        94 (3.4222817720302658451,0)
       94       146 (-0.61850353383185940892,0)
       94       149 (-0.43450507224963619279,0)
       94       196 (-0.51126454275923227666,0)
       94       198 (-0.44449654632828838885,0)
       94       232 (-0.40287484653909361176,0)
       94       270 (-0.53597400049497978536,0)
       94       278 (-0.47466322982717590317,0)
       95        95 (3.9098761312963117298,0)
       95       128 (-0.050475042467757136322,0)
       95       155 (-0.29412932808184821809,0)
       95       157 (-0.74838912618886421768,0)
       95       224 (-0.79565451089637295734,0)
       95       229 (-1.2195671391394919958,0)
       95       266 (-0.80166098452197742663,0)
       96        96 (3.7359333801569807321,0)
       96       131 (-0.21397171960337926788,0)
       96       143 (-0.38589490386304653446,0)
       96       148 (-0.26551783684278473796,0)
       96       156 (-0.29473732830025256568,0)
       96       173 (-0.61199635395487461675,0)
       96       188 (-0.82845147826707599137,0)
       96       289 (-1.1353637593255672122,0)
       97        97 (3.3536497989028810629,0)
       97       128 (-0.28474349090882261626,0)
       97       129 (-0.38730946672623373095,0)
       97       132 (-0.29427686116474383038,0)
       97       135 (-0.43938924122217842827,0)
       97       160 (-0.52590278054823547116,0)
       97       164 (-0.60245679200526702779,0)
       97       223 (-0.42152188225045633674,0)
       97       224 (-0.39804928407694339931,0)
       98        98 (3.5945098583278856097,0)
       98       132 (-0.062986920469557214353,0)
       98       134 (-0.13074705131470359953,0)
       98       154 (-0.49260222245267137886,0)
       98       165 (-0.46641984940624503508,0)
       98       214 (-0.32172492816507036739,0)
       98       216 (-0.65752268229499144514,0)
       98       223 (-0.76359271533274286625,0)
       98       290 (-0.69891348889190352267,0)
       99        99 (3.7712432751544122667,0)
       99       130 (-0.58342949335838589775,0)
       99       161 (-0.49672936621759833375,0)
       99       182 (-0.23472963979337163609,0)
       99       197 (-0.3393577486846671154,0)
       99       235 (-0.98567306249821340369,0)
       99       287 (-1.1313239646021755469,0)
      100       100 (3.5744579534899032502,0)
      100       139 (-0.33457419378886432693,0)
      100       141 (-0.24342235961395433663,0)
      100       172 (-0.48127913749093742535,0)
      100       179 (-0.60472799572686308789,0)
      100       211 (-0.81198512182530935277,0)
      100       227 (-0.84009774765122746665,0)
      100       228 (-0.25837139739274717076,0)
      101       101 (3.7155568212764000791,0)
      101       137 (-0.13743114172368051107,0)
      101       142 (-0.45472147219464320589,0)
      101       166 (-0.301609535492580072,0)
      101       180 (-0.77764179776266117994,0)
      101       183 (-0.1576410612948491996,0)
      101       199 (-0.84174967296397007477,0)
      101       271 (-1.0447621398440161133,0)
      102       102 (3.6296132589079368458,0)
      102       138 (-0.17746005862714853141,0)
      102       169 (-0.59626647747454697424,0)
      102       176 (-0.57327864307320897108,0)
      102       190 (-0.59093261501808203029,0)
      102       201 (-0.97354968163015143112,0)
      102       247 (-0.71812578308479968481,0)
      103       103 (3.6518563135976966905,0)
      103       136 (-0.32933899296489044239,0)
      103       167 (-0.54939502892035374515,0)
      103       177 (-0.51454301889325892994,0)
      103       184 (-0.63480178694746036694,0)
      103       200 (-0.71718557176023711719,0)
      103       267 (-0.90659191411149553375,0)
      104       104 (3.5545507657161174997,0)
      104       154 (-0.39116895969623771689,0)
      104       171 (-0.4086125431381570916,0)
      104       209 (-0.58925768247754117812,0)
      104       216 (-0.85468125737517375295,0)
      104       220 (-0.69027809349419122498,0)
      104       264 (-0.62055222953481714576,0)
      105       105 (3.7296964966425218968,0)
      105       146 (-0.18362997659127253125,0)
      105       147 (-0.127298291321237933,0)
      105       189 (-0.2738701114318840002,0)
      105       194 (-0.90845647651522631882,0)
      105       198 (-0.89403679872376073945,0)
      105       272 (-0.37585467182682585907,0)
      105       279 (-0.96655017023231415418,0)
      106       106 (3.6137997046814800406,0)
      106       143 (-0.35609960172620830354,0)
      106       149 (-0.39645276473799423433,0)
      106       156 (-0.41927080402206351462,0)
      106       191 (-0.71676860073923365224,0)
      106       196 (-0.84414032480698864003,0)
      106       202 (-0.88106760864899158481,0)
      107       107 (3.5730510586057389055,0)
      107       139 (-0.17027920222172851505,0)
      107       142 (-0.21993231226935675005,0)
      107       163 (-0.50284814158684232321,0)
      107       185 (-0.51145128743358769796,0)
      107       186 (-0.6473329370841787167,0)
      107       238 (-0.69726711310930400423,0)
      107       248 (-0.82394006490074134241,0)
      108       108 (3.6364473887873898228,0)
      108       151 (-0.35563966149233472436,0)
      108       187 (-0.63015683518930798446,0)
      108       191 (-0.45601548693877430596,0)
      108       196 (-0.57345987458875891107,0)
      108       221 (-0.8166440072201592848,0)
      108       270 (-0.80453152335805511175,0)
      109       109 (3.6320133484534875556,0)
      109       141 (-0.24014014804979580409,0)
      109       148 (-0.16042856182678771892,0)
      109       178 (-0.46916073530010893311,0)
      109       181 (-0.35941325645868299477,0)
      109       240 (-0.75714364696604496974,0)
      109       258 (-0.97383243917367612319,0)
      109       261 (-0.67189456067839015141,0)
      110       110 (3.6114010386217709758,0)
      110       158 (-0.32332846408318599574,0)
      110       166 (-0.15929254061545977672,0)
      110       183 (-0.35749887011520187219,0)
      110       234 (-0.5168013777392411745,0)
      110       252 (-0.49461081914080501365,0)
      110       263 (-0.84763982091108014405,0)
      110       271 (-0.91222914601679672142,0)
      111       111 (3.7989828439344686117,0)
      111       152 (-0.036601325705187343074,0)
      111       159 (-0.24534899803878526536,0)
      111       195 (-0.83407989743980437414,0)
      111       215 (-0.89885634555617177632,0)
      111       222 (-0.83502078321763684166,0)
      111       239 (-0.94907549397688362181,0)
      112       112 (3.7744271103737898621,0)
      112       153 (-0.37542057520553906436,0)
      112       204 (-0.67842343696333107239,0)
      112       213 (-0.79812302162828963059,0)
      112       217 (-0.95509148595588966302,0)
      112       233 (-0.96736859062073987658,0)
      113       113 (3.7495733630899645838,0)
      113       169 (-0.61060782654663070534,0)
      113       170 (-0.45775130421159399008,0)
      113       176 (-0.82926854224278068184,0)
      113       192 (-0.81275166034203150112,0)
      113       245 (-1.039194029746927983,0)
      114       114 (3.7690367510187345879,0)
      114       167 (-0.558348860431053029,0)
      114       170 (-0.54107674423814133835,0)
      114       177 (-0.79456428645112175957,0)
      114       192 (-0.79326642048259654594,0)
      114       243 (-1.081780439415821915,0)
      115       115 (3.6467427550215298915,0)
      115       144 (-0.13860816493598066002,0)
      115       159 (-0.20667778719636809015,0)
      115       212 (-0.45495626528638127839,0)
      115       236 (-0.706760513523787548,0)
      115       249 (-1.022862194037218897,0)
      115       255 (-0.45722026848698554824,0)
      115       260 (-0.65965756155480748113,0)
      116       116 (3.6631652707753961096,0)
      116       147 (-0.27433023552945734469,0)
      116       162 (-0.57332662900224973246,0)
      116       205 (-0.4370193784174670748,0)
      116       226 (-0.49951473268502666336,0)
      116       251 (-0.99655452599853155959,0)
      116       257 (-0.88241976914266406773,0)
      117       117 (3.5843338767124013344,0)
      117       161 (-0.23867182091010308298,0)
      117       174 (-0.57337371643176826552,0)
      117       203 (-0.57276926832303654002,0)
      117       235 (-0.80603263193535745756,0)
      117       237 (-0.81912109625655638023,0)
      117       282 (-0.57436534285558016322,0)
      118       118 (3.7510230774525021857,0)
      118       155 (-0.46909948232325310302,0)
      118       168 (-0.67457113397881451888,0)
      118       210 (-0.67146642480541429698,0)
      118       229 (-0.95684686355104497935,0)
      118       244 (-0.97903917279397467688,0)
      119       119 (3.7339046541919178601,0)
      119       175 (-0.550132971916573843,0)
      119       193 (-0.95121104398760669696,0)
      119       234 (-0.81340580538064699567,0)
      119       263 (-0.58973403686834724446,0)
      119       286 (-0.82942079603874241389,0)
      120       120 (3.8163786261961107904,0)
      120       184 (-0.23937788801224646473,0)
      120       211 (-0.82301775560556089673,0)
      120       228 (-0.84922337378429180177,0)
      120       267 (-0.97795178187406706094,0)
      120       275 (-0.92680782691994467726,0)
      121       121 (3.7437149733933887674,0)
      121       179 (-0.55938363523474377015,0)
      121       181 (-0.58797156981870490888,0)
      121       190 (-0.67666133622740654019,0)
      121       227 (-0.97195446698555088005,0)
      121       247 (-0.94774396512698233508,0)
      122       122 (3.7406215474543893507,0)
      122       150 (-0.36562405338028536317,0)
      122       157 (-0.30729160810964117889,0)
      122       210 (-0.6669987295503464475,0)
      122       229 (-1.0206536767802760757,0)
      122       241 (-0.88988057101061390775,0)
      122       288 (-0.49017290862322637768,0)
      123       123 (3.6226885228635805625,0)
      123       182 (-0.42659016611686634279,0)
      123       205 (-0.42485576936282593019,0)
      123       207 (-0.42358493232851052168,0)
      123       226 (-0.55346774039845159088,0)
      123       269 (-0.79727087867789458997,0)
      123       287 (-0.99691903597903097634,0)
      124       124 (3.7623126386866259097,0)
      124       195 (-0.36141585293437172854,0)
      124       215 (-0.79264006747231863237,0)
      124       218 (-0.77806305271711440064,0)
      124       259 (-0.88435883314079399842,0)
      124       277 (-0.94583483242202803787,0)
      125       125 (3.7575376155343676032,0)
      125       151 (-0.11802615870462032643,0)
      125       194 (-0.51451489038568676282,0)
      125       198 (-0.63946926236312173764,0)
      125       206 (-0.55560786751920299142,0)
      125       246 (-0.99160203205922514691,0)
      125       278 (-0.93831740450251099883,0)
      126       126 (3.7790397513527818063,0)
      126       145 (-0.19062279374746626814,0)
      126       171 (-0.34642231343063950577,0)
      126       212 (-0.49234813700659696423,0)
      126       260 (-0.8282366570384600557,0)
      126       265 (-0.73899563784999577898,0)
      126       285 (-1.182414212279623511,0)
      127       127 (3.9440055626250556386,0)
      127       144 (-0.16152137795774004769,0)
      127       197 (-0.8189700469815499595,0)
      127       203 (-0.79449122488926671171,0)
      127       235 (-0.91098539196760419667,0)
      127       274 (-1.258037520828895417,0)
      128        95 (-0.050475042467757136322,0)
      128        97 (-0.28474349090882261626,0)
      128       128 (3.958561646750582419,0)
      128       157 (-0.56312992850910270626,0)
      128       164 (-0.64469927864902931702,0)
      128       224 (-1.1838094491932698027,0)
      128       273 (-1.2317044570226005629,0)
      129        97 (-0.38730946672623373095,0)
      129       129 (3.637524387191521491,0)
      129       160 (-0.59090412097778077793,0)
      129       224 (-0.81843516656037240686,0)
      129       230 (-0.37869997350996020824,0)
      129       253 (-0.79295139985380347358,0)
      129       266 (-0.6692242595633715041,0)
      130        99 (-0.58342949335838589775,0)
      130       130 (3.5460565171518254601,0)
      130       197 (-0.62509018586977105336,0)
      130       207 (-0.80047111901227507857,0)
      130       256 (-0.61956397004429797359,0)
      130       262 (-0.56382951261898939244,0)
      130       287 (-0.3536722362481060089,0)
      131        35 (-0.40675482834636289553,0)
      131        36 (-0.29894271374948011566,0)
      131        96 (-0.21397171960337924013,0)
      131       131 (3.5059554553459255644,0)
      131       173 (-0.66029184574282773212,0)
      131       188 (-0.7392091380813736734,0)
      131       219 (-0.6163628230292259591,0)
      131       254 (-0.5704223867932763925,0)
      132        97 (-0.29427686116474383038,0)
      132        98 (-0.062986920469557200475,0)
      132       132 (3.9500308189301138739,0)
      132       164 (-0.54249879723435112666,0)
      132       214 (-0.85640583326579178269,0)
      132       223 (-1.1712938807141746178,0)
      132       284 (-1.0225685260814951771,0)
      133        60 (-0.27763177779832454162,0)
      133       133 (3.7084162576714647663,0)
      133       208 (-0.83157295838761746687,0)
      133       209 (-0.3558436301357042475,0)
      133       231 (-0.84230167089037177863,0)
      133       264 (-0.64896443469746123434,0)
      133       283 (-0.7521017857619856084,0)
      134        58 (-0.42633426927251855121,0)
      134        59 (-0.19108185258163098985,0)
      134        98 (-0.13074705131470359953,0)
      134       134 (3.6476715840655171696,0)
      134       165 (-0.82616254104253572521,0)
      134       208 (-0.78466670543495709023,0)
      134       216 (-0.87801787974473222143,0)
      134       264 (-0.41066128467443918648,0)
      135        97 (-0.43938924122217842827,0)
      135       135 (3.6452152575419991543,0)
      135       160 (-0.50133294499138225664,0)
      135       223 (-0.78398854520410043989,0)
      135       268 (-0.40133876666092854757,0)
      135       280 (-0.81950782725913007276,0)
      135       290 (-0.69965793220428007526,0)
      136        45 (-0.4400855406401317782,0)
      136        46 (-0.31482702503461140742,0)
      136       103 (-0.32933899296489044239,0)
      136       136 (3.4527636111582982181,0)
      136       184 (-0.46344918860130512872,0)
      136       200 (-0.72297517429396218613,0)
      136       250 (-0.67097553309272528477,0)
      136       276 (-0.51111215653067165743,0)
      137        47 (-0.19837972695105163257,0)
      137       101 (-0.13743114172368051107,0)
      137       137 (3.8007892154020943565,0)
      137       180 (-0.69639529890398776946,0)
      137       199 (-1.0495454412817226686,0)
      137       250 (-0.83940141782111443725,0)
      137       276 (-0.87963618872053772613,0)
      138        37 (-0.34584674176397844914,0)
      138       102 (-0.17746005862714850365,0)
      138       138 (3.7633312727876973014,0)
      138       190 (-0.66716711248566773484,0)
      138       201 (-1.0678051348178692059,0)
      138       219 (-0.72398831142164810082,0)
      138       254 (-0.78106391367138572335,0)
      139       100 (-0.33457419378886432693,0)
      139       107 (-0.17027920222172857057,0)
      139       139 (3.7261051664695736818,0)
      139       172 (-0.59733075236065513725,0)
      139       185 (-0.70010674396629724026,0)
      139       211 (-0.87668460136027859253,0)
      139       238 (-1.0471296727717502861,0)
      140        64 (-0.19216087213732335748,0)
      140        65 (-0.56902554333141497356,0)
      140       140 (3.643219584978342418,0)
      140       204 (-0.96907558248593106409,0)
      140       213 (-0.45815547881328844149,0)
      140       218 (-0.67095384986377437642,0)
      140       259 (-0.78384825834661020494,0)
      141       100 (-0.2434223596139544199,0)
      141       109 (-0.24014014804979580409,0)
      141       141 (3.8340557584416870007,0)
      141       172 (-0.59382475190472250315,0)
      141       181 (-0.58453288965942407085,0)
      141       227 (-1.0575713646238846799,0)
      141       261 (-1.1145642445899048845,0)
      142        16 (-0.22997553320458535842,0)
      142       101 (-0.45472147219464320589,0)
      142       107 (-0.21993231226935675005,0)
      142       142 (3.5168622864552907537,0)
      142       180 (-0.5481403246920918404,0)
      142       183 (-0.81086694812833370882,0)
      142       186 (-0.80089567203596390144,0)
      142       248 (-0.45233002393031640498,0)
      143        33 (-0.39274682240910857578,0)
      143        34 (-0.36524611950952529105,0)
      143        96 (-0.38589490386304653446,0)
      143       106 (-0.35609960172620830354,0)
      143       143 (3.4328640558072271993,0)
      143       156 (-0.62027195701397497274,0)
      143       188 (-0.64920356908728538148,0)
      143       202 (-0.66340108219807847334,0)
      144        92 (-0.16608578134827173267,0)
      144       115 (-0.13860816493598066002,0)
      144       127 (-0.16152137795774004769,0)
      144       144 (3.7252673755068790307,0)
      144       203 (-0.56510239390860961262,0)
      144       249 (-0.99735933254735131825,0)
      144       255 (-0.81803128110030165487,0)
      144       274 (-0.87855904370862525354,0)
      145        90 (-0.26438739106383285504,0)
      145        93 (-0.21783657868296815718,0)
      145       126 (-0.19062279374746632366,0)
      145       145 (3.5212071767271249101,0)
      145       213 (-0.33988967258206614908,0)
      145       233 (-0.83627386610358778185,0)
      145       236 (-0.65238131771324969765,0)
      145       260 (-0.62075992234353660759,0)
      145       285 (-0.39905563449041681068,0)
      146        30 (-0.14407982696740409545,0)
      146        94 (-0.61850353383185940892,0)
      146       105 (-0.18362997659127253125,0)
      146       146 (3.8627833570063883073,0)
      146       198 (-0.69067518878940847848,0)
      146       232 (-0.94162262984779565578,0)
      146       272 (-1.2842722009786495807,0)
      147       105 (-0.127298291321237933,0)
      147       116 (-0.27433023552945734469,0)
      147       147 (3.8185076273380436085,0)
      147       162 (-0.22663840903960344453,0)
      147       194 (-0.30833765860213929733,0)
      147       251 (-0.80303917311589734229,0)
      147       279 (-1.0448418484287120833,0)
      147       281 (-1.0340220113009956915,0)
      148        96 (-0.26551783684278462694,0)
      148       109 (-0.16042856182678766341,0)
      148       148 (3.6429230189590029454,0)
      148       173 (-0.63646132659423226841,0)
      148       225 (-0.24533309392556079676,0)
      148       240 (-0.9345374778875441546,0)
      148       258 (-0.53453252525928873773,0)
      148       289 (-0.86611219662280358733,0)
      149        31 (-0.371423729184210627,0)
      149        32 (-0.372294316837471162,0)
      149        94 (-0.4345050722496362483,0)
      149       106 (-0.39645276473799423433,0)
      149       149 (3.4329787329791807693,0)
      149       196 (-0.54432061949485444075,0)
      149       202 (-0.55732092717663395121,0)
      149       232 (-0.7566613032983795506,0)
      150        80 (-0.14532302844271030584,0)
      150       122 (-0.36562405338028525215,0)
      150       150 (3.8771376572944165062,0)
      150       175 (-0.86983190074425054128,0)
      150       210 (-0.3433881688195914994,0)
      150       286 (-0.92824523827051241831,0)
      150       288 (-1.2247252676370665725,0)
      151        74 (-0.51488469654810642417,0)
      151        75 (-0.51978824600859985239,0)
      151       108 (-0.35563966149233472436,0)
      151       125 (-0.11802615870462035419,0)
      151       151 (3.406622538923293142,0)
      151       221 (-0.26360301679218622883,0)
      151       246 (-0.536084895411077067,0)
      151       270 (-0.57082295649112091418,0)
      151       278 (-0.5277729074752472993,0)
      152        21 (-0.38866029442898175628,0)
      152        22 (-0.32183347699242065287,0)
      152        92 (-0.18254376336703559414,0)
      152       111 (-0.036601325705187315318,0)
      152       152 (3.552652589606152489,0)
      152       174 (-0.3631996838167940167,0)
      152       222 (-0.80395810017993296626,0)
      152       239 (-0.86305663523096765033,0)
      152       282 (-0.592799309884832204,0)
      153        61 (-0.064667656557941877171,0)
      153        62 (-0.42789114172751907539,0)
      153        93 (-0.22694923892688553813,0)
      153       112 (-0.37542057520553906436,0)
      153       153 (3.5153303962855062537,0)
      153       217 (-0.65554401428139086327,0)
      153       231 (-0.75084368283319002924,0)
      153       233 (-0.45682773623936706597,0)
      153       283 (-0.55718635051367337852,0)
      154        13 (-0.30908928801985824375,0)
      154        98 (-0.49260222245267132335,0)
      154       104 (-0.39116895969623777241,0)
      154       154 (3.6350043311825901426,0)
      154       214 (-0.97054792617256846476,0)
      154       216 (-0.71883970378874417761,0)
      154       220 (-0.75275623105251066036,0)
      155         4 (-0.37399671768002784589,0)
      155        53 (-0.34077259871430132243,0)
      155        95 (-0.29412932808184821809,0)
      155       118 (-0.46909948232325310302,0)
      155       155 (3.3915382882292122169,0)
      155       229 (-0.27551797985047044026,0)
      155       230 (-0.51221243024062068638,0)
      155       244 (-0.48098362923128967772,0)
      155       266 (-0.64482612210740120062,0)
      156        14 (-0.2818560290425555781,0)
      156        96 (-0.29473732830025256568,0)
      156       106 (-0.41927080402206351462,0)
      156       143 (-0.62027195701397486172,0)
      156       156 (3.6266674993936676152,0)
      156       191 (-0.80518747235856413802,0)
      156       225 (-0.31423064902124053788,0)
      156       289 (-0.89111325963501619718,0)
      157        82 (-0.39959726005238038749,0)
      157        83 (-0.38332187372058407204,0)
      157        95 (-0.74838912618886421768,0)
      157       122 (-0.30729160810964117889,0)
      157       128 (-0.56312992850910259524,0)
      157       157 (3.4493196800881551489,0)
      157       229 (-0.1019377467929188652,0)
      157       241 (-0.5959814514674871555,0)
      157       273 (-0.34967068524717681566,0)
      158        50 (-0.364750358937237118,0)
      158        51 (-0.46386205703639465936,0)
      158        89 (-0.72587070331083825003,0)
      158       110 (-0.32332846408318605125,0)
      158       158 (3.5404781074444335864,0)
      158       168 (-0.42030317607937067725,0)
      158       252 (-0.91938652715052049391,0)
      158       263 (-0.32297682084688589255,0)
      159        90 (-0.44177234701380319049,0)
      159       111 (-0.24534899803878526536,0)
      159       115 (-0.20667778719636809015,0)
      159       159 (3.5013803295268477456,0)
      159       215 (-0.52148358665323202299,0)
      159       236 (-0.5587272068790229973,0)
      159       239 (-0.88658396899650226963,0)
      159       249 (-0.64078643474913443701,0)
      160        55 (-0.28338806972816138474,0)
      160        97 (-0.52590278054823547116,0)
      160       129 (-0.59090412097778066691,0)
      160       135 (-0.50133294499138225664,0)
      160       160 (3.6861588183086859694,0)
      160       253 (-0.83138606434109885157,0)
      160       280 (-0.95324483772202750487,0)
      161        24 (-0.45274562947065999374,0)
      161        25 (-0.2722832023116009692,0)
      161        99 (-0.49672936621759838927,0)
      161       117 (-0.23867182091010308298,0)
      161       161 (3.529649183480569441,0)
      161       182 (-0.74889910351414756828,0)
      161       235 (-0.45862119111027049856,0)
      161       237 (-0.86169886994618916098,0)
      162        28 (-0.39264671700524489406,0)
      162        29 (-0.48292182894078583555,0)
      162       116 (-0.57332662900224973246,0)
      162       147 (-0.22663840903960355555,0)
      162       162 (3.5679405973964772869,0)
      162       189 (-0.4006116064350758732,0)
      162       257 (-0.53238327469574575623,0)
      162       279 (-0.95941213227777188965,0)
      163        11 (-0.73953681811990867878,0)
      163        78 (-0.37697283524507851915,0)
      163        79 (-0.38413344386254427709,0)
      163       107 (-0.50284814158684243424,0)
      163       163 (3.6194234728078451546,0)
      163       186 (-0.84434245491062820399,0)
      163       238 (-0.77158977908284254177,0)
      164        84 (-0.46260055420160028916,0)
      164        85 (-0.50321421488392914512,0)
      164        97 (-0.60245679200526702779,0)
      164       128 (-0.64469927864902931702,0)
      164       132 (-0.54249879723435112666,0)
      164       164 (3.4547232932176927811,0)
      164       273 (-0.29537120712484044027,0)
      164       284 (-0.40388244911867565712,0)
      165        57 (-0.45025340520242518316,0)
      165        58 (-0.53416010173544892226,0)
      165        98 (-0.4664198494062450906,0)
      165       134 (-0.82616254104253572521,0)
      165       165 (3.5954279626854526164,0)
      165       268 (-0.57127569506980946379,0)
      165       290 (-0.74715637022898895303,0)
      166        48 (-0.16898564303445579027,0)
      166        49 (-0.63585465477892499919,0)
      166       101 (-0.30160953549257996098,0)
      166       110 (-0.15929254061545983223,0)
      166       166 (3.7509585839960379872,0)
      166       199 (-0.49888034210768572585,0)
      166       252 (-0.90123617424429314227,0)
      166       271 (-1.0850996937226384809,0)
      167        43 (-0.40987106978481324671,0)
      167        44 (-0.46014929814984723011,0)
      167       103 (-0.54939502892035374515,0)
      167       114 (-0.558348860431053029,0)
      167       167 (3.4865807142517342143,0)
      167       177 (-0.17914602468452900386,0)
      167       200 (-0.7474649348175428365,0)
      167       243 (-0.58220549746359506749,0)
      168        51 (-0.49979679650033115301,0)
      168        52 (-0.42349077983974453554,0)
      168        89 (-0.71721762559131896353,0)
      168       118 (-0.67457113397881474093,0)
      168       158 (-0.4203031760793708993,0)
      168       168 (3.475556478404103089,0)
      168       210 (-0.22107272137272004908,0)
      168       244 (-0.51910424504180296967,0)
      169        39 (-0.67671949233220018982,0)
      169        40 (-0.30820260456283754547,0)
      169       102 (-0.59626647747454708526,0)
      169       113 (-0.61060782654663059432,0)
      169       169 (3.4603898886305364258,0)
      169       176 (-0.37589725007721819239,0)
      169       201 (-0.37505690682964776261,0)
      169       245 (-0.51763933080745561099,0)
      170         3 (-0.89438020591008848825,0)
      170        41 (-0.18954800965575663296,0)
      170        42 (-0.16229767947972900677,0)
      170       113 (-0.45775130421159399008,0)
      170       114 (-0.54107674423814133835,0)
      170       170 (3.4640404479158668494,0)
      170       192 (-0.34618762214932430332,0)
      170       243 (-0.42586304603299773852,0)
      170       245 (-0.44693583623823535111,0)
      171        67 (-0.33445552762129426849,0)
      171       104 (-0.4086125431381570916,0)
      171       126 (-0.34642231343063956128,0)
      171       171 (3.4566955376918810927,0)
      171       209 (-0.42211551317212758772,0)
      171       220 (-0.77598422524455434868,0)
      171       265 (-0.59944944578735881446,0)
      171       285 (-0.56965596929774975354,0)
      172        77 (-0.65601319999332141641,0)
      172        78 (-0.66856679772171412335,0)
      172       100 (-0.48127913749093736984,0)
      172       139 (-0.59733075236065513725,0)
      172       141 (-0.59382475190472250315,0)
      172       172 (3.4903141979690111008,0)
      172       238 (-0.25843848406815278507,0)
      172       261 (-0.23486107442950826529,0)
      173        91 (-0.39027033468755650825,0)
      173        96 (-0.61199635395487472778,0)
      173       131 (-0.66029184574282773212,0)
      173       148 (-0.63646132659423249045,0)
      173       173 (3.6083636168461690197,0)
      173       254 (-0.43024972651314385974,0)
      173       258 (-0.87909402935353431197,0)
      174        22 (-0.71622821043814111075,0)
      174        23 (-0.61192525253974272559,0)
      174       117 (-0.57337371643176826552,0)
      174       152 (-0.3631996838167940167,0)
      174       174 (3.6086353648832560914,0)
      174       237 (-0.44967371830209412753,0)
      174       282 (-0.89423478335471595635,0)
      175        17 (-0.75705191673960126053,0)
      175        80 (-0.79640695318735166275,0)
      175       119 (-0.550132971916573843,0)
      175       150 (-0.86983190074425076332,0)
      175       175 (3.65658294167747977,0)
      175       193 (-0.43357645965446101055,0)
      175       286 (-0.249582739435242007,0)
      176        87 (-0.65211468397084426663,0)
      176       102 (-0.5732786430732090821,0)
      176       113 (-0.82926854224278068184,0)
      176       169 (-0.37589725007721813688,0)
      176       176 (3.5459688400284146148,0)
      176       192 (-0.42506024428668609527,0)
      176       247 (-0.69034947637767674067,0)
      177        87 (-0.47167797524903620765,0)
      177       103 (-0.51454301889325892994,0)
      177       114 (-0.79456428645112164855,0)
      177       167 (-0.17914602468452900386,0)
      177       177 (3.6247308368630775099,0)
      177       192 (-0.52768984566316790019,0)
      177       228 (-0.21275924524982037234,0)
      177       267 (-0.9243504406721437805,0)
      178        10 (-0.80716449800238332379,0)
      178        15 (-0.21209308970612728018,0)
      178        77 (-0.53840525020054652572,0)
      178       109 (-0.46916073530010898862,0)
      178       178 (3.6703499884206811643,0)
      178       240 (-0.75522542542604054194,0)
      178       261 (-0.88830098978547455957,0)
      179        87 (-0.60198447097911411685,0)
      179       100 (-0.60472799572686308789,0)
      179       121 (-0.55938363523474388117,0)
      179       179 (3.5253471195049477238,0)
      179       227 (-0.55673002001969684738,0)
      179       228 (-0.59647165049360140188,0)
      179       247 (-0.60604934705092894376,0)
      180        88 (-0.48663477021911405451,0)
      180       101 (-0.77764179776266106892,0)
      180       137 (-0.69639529890398776946,0)
      180       142 (-0.5481403246920918404,0)
      180       180 (3.6314098478188547858,0)
      180       248 (-0.89154901623495952379,0)
      180       276 (-0.23104864000603986263,0)
      181        91 (-0.65040115951066712618,0)
      181       109 (-0.35941325645868299477,0)
      181       121 (-0.58797156981870490888,0)
      181       141 (-0.58453288965942407085,0)
      181       181 (3.4395813240655441767,0)
      181       190 (-0.39823363359942970385,0)
      181       227 (-0.37708104801275388329,0)
      181       258 (-0.48194776700588032314,0)
      182        25 (-0.77824186679890772211,0)
      182        26 (-0.21968808509189197142,0)
      182        99 (-0.23472963979337163609,0)
      182       123 (-0.42659016611686634279,0)
      182       161 (-0.74889910351414756828,0)
      182       182 (3.5349892384782553023,0)
      182       269 (-0.49808161269362705159,0)
      182       287 (-0.62875876446944234388,0)
      183        16 (-0.57768000666590979542,0)
      183       101 (-0.1576410612948491996,0)
      183       110 (-0.35749887011520187219,0)
      183       142 (-0.81086694812833370882,0)
      183       183 (3.7087669747144373922,0)
      183       234 (-0.79978033516055502261,0)
      183       271 (-1.0052997533495879878,0)
      184        88 (-0.3332383300734164111,0)
      184       103 (-0.63480178694746014489,0)
      184       120 (-0.23937788801224646473,0)
      184       136 (-0.46344918860130512872,0)
      184       184 (3.5346361054857098338,0)
      184       267 (-0.4800234327394062861,0)
      184       275 (-0.84953843728606970309,0)
      184       276 (-0.53420704182580647235,0)
      185        88 (-0.30922661327641320916,0)
      185       107 (-0.51145128743358758694,0)
      185       139 (-0.70010674396629724026,0)
      185       185 (3.5898452887887688512,0)
      185       211 (-0.41537131239394248228,0)
      185       248 (-0.77781592871271221235,0)
      185       275 (-0.87587340300581639774,0)
      186        16 (-0.71262671229759488867,0)
      186        79 (-0.70658206216662011734,0)
      186       107 (-0.64733293708417849466,0)
      186       142 (-0.80089567203596390144,0)
      186       163 (-0.84434245491062798195,0)
      186       186 (3.711779838494985384,0)
      187        14 (-0.58490446088579672868,0)
      187       108 (-0.63015683518930809548,0)
      187       187 (3.6993669454485464954,0)
      187       191 (-0.84215001371768027916,0)
      187       221 (-0.74411809713021470625,0)
      187       242 (-0.89803753852554690784,0)
      188        34 (-0.73596920724035685968,0)
      188        35 (-0.69576132101683640929,0)
      188        96 (-0.82845147826707599137,0)
      188       131 (-0.7392091380813736734,0)
      188       143 (-0.64920356908728538148,0)
      188       188 (3.6485947136929279822,0)
      189         2 (-0.38130800235518957919,0)
      189        29 (-0.69053035428098907822,0)
      189       105 (-0.27387011143188394469,0)
      189       162 (-0.40061160643507576218,0)
      189       189 (3.7639493344536094632,0)
      189       272 (-0.96150670081493627706,0)
      189       279 (-1.0561225591355347664,0)
      190        91 (-0.87078924130775114953,0)
      190       102 (-0.59093261501808203029,0)
      190       121 (-0.67666133622740654019,0)
      190       138 (-0.66716711248566773484,0)
      190       181 (-0.39823363359942964834,0)
      190       190 (3.5784552847862287628,0)
      190       247 (-0.28582517070968571637,0)
      190       254 (-0.088846175438206054231,0)
      191        14 (-0.44443215013388426282,0)
      191       106 (-0.71676860073923365224,0)
      191       108 (-0.45601548693877430596,0)
      191       156 (-0.80518747235856413802,0)
      191       187 (-0.84215001371768039018,0)
      191       191 (3.6100223007646863316,0)
      191       196 (-0.34546857687654913827,0)
      192        87 (-0.66202867601093084993,0)
      192       113 (-0.81275166034203150112,0)
      192       114 (-0.79326642048259654594,0)
      192       170 (-0.34618762214932441434,0)
      192       176 (-0.42506024428668609527,0)
      192       177 (-0.52768984566316801121,0)
      192       192 (3.5669844689347378619,0)
      193        16 (-0.8839319918367261053,0)
      193        17 (-1.022562015173679395,0)
      193       119 (-0.95121104398760680798,0)
      193       175 (-0.43357645965446101055,0)
      193       193 (3.8190985679653808305,0)
      193       234 (-0.52781705731290762262,0)
      194        72 (-0.41914079542480603413,0)
      194       105 (-0.90845647651522631882,0)
      194       125 (-0.51451489038568687384,0)
      194       147 (-0.30833765860213929733,0)
      194       194 (3.5193905881166327454,0)
      194       198 (-0.19676158364857054828,0)
      194       206 (-0.60406461943363165545,0)
      194       281 (-0.56811456410657223959,0)
      195        19 (-0.53334872402110666822,0)
      195        20 (-0.26970447098810040876,0)
      195       111 (-0.83407989743980459618,0)
      195       124 (-0.36141585293437167303,0)
      195       195 (3.5408052392096260874,0)
      195       215 (-0.25378704892801629001,0)
      195       222 (-0.51540789684861099129,0)
      195       277 (-0.77306134804961545992,0)
      196        94 (-0.51126454275923238768,0)
      196       106 (-0.84414032480698864003,0)
      196       108 (-0.57345987458875891107,0)
      196       149 (-0.54432061949485444075,0)
      196       191 (-0.34546857687654913827,0)
      196       196 (3.5744386478494396542,0)
      196       270 (-0.75578470932305674701,0)
      197         6 (-0.57307249797511183864,0)
      197        99 (-0.33935774868466705989,0)
      197       127 (-0.8189700469815499595,0)
      197       130 (-0.62509018586977105336,0)
      197       197 (3.5577198327445085368,0)
      197       235 (-0.22614677883634720645,0)
      197       262 (-0.60358226178949614393,0)
      197       274 (-0.37150031260756527507,0)
      198        94 (-0.44449654632828838885,0)
      198       105 (-0.89403679872376073945,0)
      198       125 (-0.63946926236312173764,0)
      198       146 (-0.69067518878940847848,0)
      198       194 (-0.19676158364857054828,0)
      198       198 (3.6539431483942275136,0)
      198       278 (-0.78850376854107762092,0)
      199        47 (-0.39771041252357419715,0)
      199        48 (-1.0438138835644652502,0)
      199       101 (-0.84174967296396996375,0)
      199       137 (-1.0495454412817226686,0)
      199       166 (-0.49888034210768572585,0)
      199       199 (3.8316997524414175835,0)
      200        44 (-0.70446690845229709144,0)
      200        45 (-0.7433494559051077033,0)
      200       103 (-0.71718557176023711719,0)
      200       136 (-0.72297517429396218613,0)
      200       167 (-0.7474649348175428365,0)
      200       200 (3.6354420452291464905,0)
      201        37 (-0.10998379160333926485,0)
      201        38 (-1.1230638900618354903,0)
      201        39 (-0.26680825261116947189,0)
      201       102 (-0.9735496816301513201,0)
      201       138 (-1.0678051348178692059,0)
      201       169 (-0.37505690682964776261,0)
      201       201 (3.9162676575540125157,0)
      202        32 (-0.81366564935494101185,0)
      202        33 (-0.75980174932352229078,0)
      202       106 (-0.88106760864899158481,0)
      202       143 (-0.66340108219807836232,0)
      202       149 (-0.55732092717663395121,0)
      202       202 (3.6752570167021678671,0)
      203        92 (-0.55120596708056024404,0)
      203       117 (-0.572769268323036429,0)
      203       127 (-0.79449122488926671171,0)
      203       144 (-0.56510239390860950159,0)
      203       203 (3.5601278031568419635,0)
      203       235 (-0.31871384615049785927,0)
      203       282 (-0.75784510280487071832,0)
      204        63 (-0.40745984489811071239,0)
      204        64 (-0.79502785599191716503,0)
      204       112 (-0.67842343696333118341,0)
      204       140 (-0.96907558248593106409,0)
      204       204 (3.6478235686348599032,0)
      204       213 (-0.26294934871721775682,0)
      204       217 (-0.53488749957835213245,0)
      205        27 (-0.32605865080499518704,0)
      205       116 (-0.4370193784174670748,0)
      205       123 (-0.42485576936282593019,0)
      205       205 (3.6298906544252806938,0)
      205       226 (-0.69221802667414378263,0)
      205       257 (-0.74476080153637225223,0)
      205       269 (-1.0049780276294761894,0)
      206         7 (-0.50445922516282282189,0)
      206        72 (-0.61503107757740327344,0)
      206        73 (-0.66911595363804821091,0)
      206       125 (-0.55560786751920299142,0)
      206       194 (-0.60406461943363165545,0)
      206       206 (3.5003709325303105082,0)
      206       246 (-0.55209218919920144408,0)
      207        70 (-0.76089061969125626472,0)
      207       123 (-0.42358493232851057719,0)
      207       130 (-0.80047111901227507857,0)
      207       207 (3.5611604801462819481,0)
      207       226 (-0.50627245800331954761,0)
      207       256 (-0.34617281833556634574,0)
      207       287 (-0.7237685327753540232,0)
      208        59 (-0.94025890364849273872,0)
      208        60 (-0.4654608971397906636,0)
      208       133 (-0.83157295838761746687,0)
      208       134 (-0.78466670543495709023,0)
      208       208 (3.7589372214937992744,0)
      208       264 (-0.73697775688294142604,0)
      209        93 (-0.32953189467848076344,0)
      209       104 (-0.58925768247754117812,0)
      209       133 (-0.3558436301357042475,0)
      209       171 (-0.42211551317212758772,0)
      209       209 (3.4174941573727042332,0)
      209       264 (-0.49102195378789126323,0)
      209       283 (-0.59576181286849339003,0)
      209       285 (-0.63396167025246619176,0)
      210        89 (-0.77795023383079331403,0)
      210       118 (-0.67146642480541429698,0)
      210       122 (-0.6669987295503464475,0)
      210       150 (-0.34338816881959155491,0)
      210       168 (-0.22107272137272004908,0)
      210       210 (3.492757073815011104,0)
      210       229 (-0.36405083123414250235,0)
      210       286 (-0.44782996420200310572,0)
      211       100 (-0.81198512182530935277,0)
      211       120 (-0.82301775560556089673,0)
      211       139 (-0.87668460136027859253,0)
      211       185 (-0.41537131239394242677,0)
      211       211 (3.6489971764877431326,0)
      211       228 (-0.4228396774999196861,0)
      211       275 (-0.29909870780273167812,0)
      212         5 (-0.44860744116809175841,0)
      212       115 (-0.45495626528638127839,0)
      212       126 (-0.49234813700659696423,0)
      212       212 (3.5330707876481177721,0)
      212       255 (-0.68141517068006707269,0)
      212       260 (-0.71132383155217226989,0)
      212       265 (-0.74441994195480842844,0)
      213        90 (-0.64911460568341805555,0)
      213       112 (-0.79812302162828963059,0)
      213       140 (-0.45815547881328838598,0)
      213       145 (-0.3398896725820662601,0)
      213       204 (-0.26294934871721775682,0)
      213       213 (3.4938443689847638041,0)
      213       233 (-0.49786024865759420654,0)
      213       259 (-0.48775199290288911991,0)
      214        13 (-0.41643799098663136782,0)
      214        86 (-0.67282881104770853042,0)
      214        98 (-0.32172492816507036739,0)
      214       132 (-0.85640583326579189372,0)
      214       154 (-0.97054792617256846476,0)
      214       214 (3.6876951023781869843,0)
      214       284 (-0.44974961274041669324,0)
      215        90 (-0.65422546180381868641,0)
      215       111 (-0.89885634555617177632,0)
      215       124 (-0.79264006747231863237,0)
      215       159 (-0.52148358665323191197,0)
      215       195 (-0.25378704892801629001,0)
      215       215 (3.6016924385745898718,0)
      215       259 (-0.48069992816103224165,0)
      216        98 (-0.65752268229499144514,0)
      216       104 (-0.85468125737517375295,0)
      216       134 (-0.87801787974473222143,0)
      216       154 (-0.71883970378874417761,0)
      216       216 (3.7219886817871481455,0)
      216       264 (-0.61292715858350621527,0)
      217        62 (-0.70118607100948815436,0)
      217        63 (-0.86921344248042764491,0)
      217       112 (-0.95509148595588966302,0)
      217       153 (-0.65554401428139075225,0)
      217       204 (-0.53488749957835213245,0)
      217       217 (3.7159225133055486801,0)
      218         1 (-0.99310523837657471713,0)
      218        18 (-0.2064112618997285542,0)
      218        65 (-0.20186818905460079954,0)
      218       124 (-0.77806305271711462268,0)
      218       140 (-0.67095384986377437642,0)
      218       218 (3.6547091965723357276,0)
      218       259 (-0.31974223010497027087,0)
      218       277 (-0.48456537455557230354,0)
      219        36 (-0.91354610922963952468,0)
      219        37 (-0.63458892048755810578,0)
      219       131 (-0.6163628230292259591,0)
      219       138 (-0.72398831142164832286,0)
      219       219 (3.7374058971377297489,0)
      219       254 (-0.84891973296965839157,0)
      220        13 (-0.73598336702475619653,0)
      220        67 (-0.69677801010701645446,0)
      220       104 (-0.690278093494191336,0)
      220       154 (-0.75275623105251054934,0)
      220       171 (-0.7759842252445544597,0)
      220       220 (3.6517799269230284409,0)
      221         8 (-0.75297564557922647133,0)
      221        75 (-1.0192114663857287926,0)
      221       108 (-0.8166440072201592848,0)
      221       151 (-0.26360301679218622883,0)
      221       187 (-0.74411809713021459523,0)
      221       221 (3.7784885228394489154,0)
      221       242 (-0.18193628973193368137,0)
      222        20 (-0.89621319856849757102,0)
      222        21 (-0.67019762601669330415,0)
      222       111 (-0.83502078321763684166,0)
      222       152 (-0.80395810017993296626,0)
      222       195 (-0.51540789684861110231,0)
      222       222 (3.7207976048313717854,0)
      223        97 (-0.42152188225045633674,0)
      223        98 (-0.76359271533274286625,0)
      223       132 (-1.1712938807141746178,0)
      223       135 (-0.78398854520410055091,0)
      223       223 (3.9157980970362014084,0)
      223       290 (-0.7754010735347272032,0)
      224        95 (-0.79565451089637262427,0)
      224        97 (-0.39804928407694351034,0)
      224       128 (-1.1838094491932698027,0)
      224       129 (-0.81843516656037240686,0)
      224       224 (3.9160490618674117513,0)
      224       266 (-0.72010065114045285206,0)
      225        14 (-0.9503151913650107474,0)
      225        15 (-0.80570968159935141273,0)
      225       148 (-0.24533309392556079676,0)
      225       156 (-0.31423064902124059339,0)
      225       225 (3.8374797361907515558,0)
      225       240 (-0.3448959652335046866,0)
      225       289 (-1.1769951550460819867,0)
      226        70 (-0.67630439373703254979,0)
      226       116 (-0.49951473268502655234,0)
      226       123 (-0.5534677403984517019,0)
      226       205 (-0.69221802667414378263,0)
      226       207 (-0.50627245800331954761,0)
      226       226 (3.5044107248003135702,0)
      226       251 (-0.57663337330234010203,0)
      227       100 (-0.84009774765122746665,0)
      227       121 (-0.97195446698555088005,0)
      227       141 (-1.0575713646238846799,0)
      227       179 (-0.55673002001969684738,0)
      227       181 (-0.37708104801275388329,0)
      227       227 (3.8034346472931144234,0)
      228        87 (-0.7307638717461040212,0)
      228       100 (-0.25837139739274722627,0)
      228       120 (-0.84922337378429180177,0)
      228       177 (-0.21275924524982042785,0)
      228       179 (-0.59647165049360140188,0)
      228       211 (-0.4228396774999196861,0)
      228       228 (3.5977832614665579136,0)
      228       267 (-0.52735404530007323753,0)
      229        95 (-1.2195671391394919958,0)
      229       118 (-0.95684686355104497935,0)
      229       122 (-1.0206536767802760757,0)
      229       155 (-0.27551797985047055128,0)
      229       157 (-0.10193774679291889296,0)
      229       210 (-0.36405083123414255786,0)
      229       229 (3.9385742373483454415,0)
      230         4 (-0.74798092229292523214,0)
      230        54 (-0.53029148542607962291,0)
      230       129 (-0.37869997350996020824,0)
      230       155 (-0.51221243024062079741,0)
      230       230 (3.5584967075896698496,0)
      230       253 (-0.54591136386303240613,0)
      230       266 (-0.84340053225705169382,0)
      231        60 (-0.33886561475234810992,0)
      231        61 (-1.1297526431705291472,0)
      231       133 (-0.84230167089037200068,0)
      231       153 (-0.75084368283319002924,0)
      231       231 (3.9318752082120340674,0)
      231       283 (-0.87011159656559566855,0)
      232        30 (-0.7543674790291232668,0)
      232        31 (-0.87649866867622394651,0)
      232        94 (-0.40287484653909366727,0)
      232       146 (-0.94162262984779565578,0)
      232       149 (-0.7566613032983795506,0)
      232       232 (3.732024927390616309,0)
      233        93 (-1.0462944634989892467,0)
      233       112 (-0.96736859062073965454,0)
      233       145 (-0.83627386610358778185,0)
      233       153 (-0.45682773623936712148,0)
      233       213 (-0.49786024865759420654,0)
      233       233 (3.8046249051202778446,0)
      234        16 (-0.43465365013022605467,0)
      234       110 (-0.5168013777392411745,0)
      234       119 (-0.81340580538064699567,0)
      234       183 (-0.79978033516055502261,0)
      234       193 (-0.5278170573129075116,0)
      234       234 (3.5663357095122805163,0)
      234       263 (-0.47387748378870364618,0)
      235        99 (-0.98567306249821340369,0)
      235       117 (-0.80603263193535745756,0)
      235       127 (-0.91098539196760419667,0)
      235       161 (-0.45862119111027044305,0)
      235       197 (-0.22614677883634720645,0)
      235       203 (-0.31871384615049785927,0)
      235       235 (3.7061729024982903447,0)
      236        90 (-0.97210479706487495921,0)
      236       115 (-0.706760513523787548,0)
      236       145 (-0.65238131771324969765,0)
      236       159 (-0.5587272068790229973,0)
      236       236 (3.7791326929319146721,0)
      236       260 (-0.88915885775097980304,0)
      237        23 (-0.73457067002864973038,0)
      237        24 (-0.82908148149198013233,0)
      237       117 (-0.81912109625655638023,0)
      237       161 (-0.86169886994618916098,0)
      237       174 (-0.44967371830209412753,0)
      237       237 (3.6941458360254690874,0)
      238        78 (-1.0915361921885180507,0)
      238       107 (-0.69726711310930378218,0)
      238       139 (-1.0471296727717502861,0)
      238       163 (-0.77158977908284276381,0)
      238       172 (-0.25843848406815272956,0)
      238       238 (3.8659612412205683896,0)
      239        92 (-0.98731969827959498165,0)
      239       111 (-0.94907549397688362181,0)
      239       152 (-0.86305663523096765033,0)
      239       159 (-0.88658396899650226963,0)
      239       239 (3.8687395248440568096,0)
      239       249 (-0.18270372836010795314,0)
      240        15 (-0.99181966846476465882,0)
      240       109 (-0.75714364696604496974,0)
      240       148 (-0.9345374778875441546,0)
      240       178 (-0.75522542542604065297,0)
      240       225 (-0.34489596523350463109,0)
      240       240 (3.7836221839778998444,0)
      241        81 (-0.56535435259310373723,0)
      241        82 (-0.95855849055155961658,0)
      241       122 (-0.88988057101061390775,0)
      241       157 (-0.5959814514674871555,0)
      241       241 (3.7791842558874577662,0)
      241       288 (-0.76940939026469279405,0)
      242         8 (-1.0492680444502282544,0)
      242         9 (-0.12696994663769056721,0)
      242        14 (-0.71227288721497805657,0)
      242        76 (-1.1472944432765903588,0)
      242       187 (-0.89803753852554690784,0)
      242       221 (-0.18193628973193368137,0)
      242       242 (4.1157791498369675764,0)
      243        42 (-0.98099237091611624084,0)
      243        43 (-0.74062621092922986676,0)
      243       114 (-1.081780439415821915,0)
      243       167 (-0.58220549746359506749,0)
      243       170 (-0.42586304603299768301,0)
      243       243 (3.8114675647577609396,0)
      244        52 (-0.84889715377732888335,0)
      244        53 (-0.94016584406125236484,0)
      244       118 (-0.97903917279397467688,0)
      244       155 (-0.48098362923128973323,0)
      244       168 (-0.51910424504180296967,0)
      244       244 (3.7681900449056482394,0)
      245        40 (-0.85064130120388325995,0)
      245        41 (-0.9669608917853633745,0)
      245       113 (-1.039194029746927983,0)
      245       169 (-0.51763933080745561099,0)
      245       170 (-0.44693583623823535111,0)
      245       245 (3.8213713897818655241,0)
      246        73 (-0.76065547284554768659,0)
      246        74 (-0.88884793251772320488,0)
      246       125 (-0.99160203205922514691,0)
      246       151 (-0.53608489541107717802,0)
      246       206 (-0.55209218919920144408,0)
      246       246 (3.7292825220327747715,0)
      247        87 (-0.39442246906128236583,0)
      247       102 (-0.71812578308479968481,0)
      247       121 (-0.94774396512698255712,0)
      247       176 (-0.69034947637767662965,0)
      247       179 (-0.60604934705092894376,0)
      247       190 (-0.28582517070968571637,0)
      247       247 (3.6425162114113560641,0)
      248        88 (-0.77397937662921267865,0)
      248       107 (-0.82394006490074134241,0)
      248       142 (-0.45233002393031640498,0)
      248       180 (-0.89154901623495952379,0)
      248       185 (-0.77781592871271221235,0)
      248       248 (3.7196144104079422732,0)
      249        92 (-1.0591598484317450435,0)
      249       115 (-1.022862194037218897,0)
      249       144 (-0.99735933254735131825,0)
      249       159 (-0.64078643474913454803,0)
      249       239 (-0.18270372836010795314,0)
      249       249 (3.9028715381255576489,0)
      250        46 (-1.024644981140767408,0)
      250        47 (-0.66086135600530493406,0)
      250       136 (-0.67097553309272528477,0)
      250       137 (-0.83940141782111443725,0)
      250       250 (3.74470584732684042,0)
      250       276 (-0.54882255926692802284,0)
      251        70 (-0.18724749442163685087,0)
      251        71 (-0.87568180360112735094,0)
      251       116 (-0.99655452599853133755,0)
      251       147 (-0.80303917311589734229,0)
      251       226 (-0.57663337330234010203,0)
      251       251 (3.7294270721269699997,0)
      251       281 (-0.29027070168743779321,0)
      252        49 (-0.54140237987348860393,0)
      252        50 (-0.86213681096297500872,0)
      252       110 (-0.49461081914080501365,0)
      252       158 (-0.91938652715052049391,0)
      252       166 (-0.90123617424429314227,0)
      252       252 (3.7187727113720812078,0)
      253        54 (-0.87410509702148841971,0)
      253        55 (-0.63357488031080722024,0)
      253       129 (-0.79295139985380336256,0)
      253       160 (-0.83138606434109885157,0)
      253       230 (-0.54591136386303240613,0)
      253       253 (3.6779288053902301492,0)
      254        91 (-1.0159045789879324051,0)
      254       131 (-0.5704223867932763925,0)
      254       138 (-0.78106391367138572335,0)
      254       173 (-0.43024972651314385974,0)
      254       190 (-0.088846175438206054231,0)
      254       219 (-0.84891973296965828055,0)
      254       254 (3.7354065143736026045,0)
      255         5 (-0.75457483875442377119,0)
      255        66 (-0.58137585848369632835,0)
      255       115 (-0.45722026848698554824,0)
      255       144 (-0.81803128110030165487,0)
      255       212 (-0.68141517068006707269,0)
      255       255 (3.5767886450023711475,0)
      255       274 (-0.2841712274968968277,0)
      256        68 (-0.27854968902000337705,0)
      256        69 (-0.83814080825798853436,0)
      256        70 (-0.64632965793269792076,0)
      256       130 (-0.61956397004429797359,0)
      256       207 (-0.34617281833556645676,0)
      256       256 (3.6038194018301230592,0)
      256       262 (-0.87506245823956918528,0)
      257        27 (-0.5960576053710127109,0)
      257        28 (-0.95638137962056102293,0)
      257       116 (-0.88241976914266406773,0)
      257       162 (-0.53238327469574575623,0)
      257       205 (-0.74476080153637225223,0)
      257       257 (3.7120028303663552549,0)
      258        91 (-0.87037087258135226175,0)
      258       109 (-0.97383243917367612319,0)
      258       148 (-0.53453252525928873773,0)
      258       173 (-0.87909402935353453401,0)
      258       181 (-0.48194776700588043417,0)
      258       258 (3.7397776333737322574,0)
      259        90 (-0.63505520754907929248,0)
      259       124 (-0.88435883314079410944,0)
      259       140 (-0.78384825834661009392,0)
      259       213 (-0.48775199290288917542,0)
      259       215 (-0.48069992816103224165,0)
      259       218 (-0.31974223010497027087,0)
      259       259 (3.5914564502053751838,0)
      260       115 (-0.65965756155480748113,0)
      260       126 (-0.8282366570384600557,0)
      260       145 (-0.62075992234353660759,0)
      260       212 (-0.71132383155217226989,0)
      260       236 (-0.88915885775097980304,0)
      260       260 (3.7091368302399558843,0)
      261        77 (-0.99115226234560460661,0)
      261       109 (-0.67189456067839015141,0)
      261       141 (-1.1145642445899048845,0)
      261       172 (-0.23486107442950829305,0)
      261       178 (-0.88830098978547455957,0)
      261       261 (3.9007731318288825229,0)
      262         6 (-0.94147193667043604925,0)
      262        68 (-0.7143217018936811602,0)
      262       130 (-0.56382951261898939244,0)
      262       197 (-0.60358226178949625496,0)
      262       256 (-0.87506245823956918528,0)
      262       262 (3.6982678712121717091,0)
      263        89 (-0.84395342425638864015,0)
      263       110 (-0.84763982091108014405,0)
      263       119 (-0.58973403686834713344,0)
      263       158 (-0.32297682084688589255,0)
      263       234 (-0.47387748378870364618,0)
      263       263 (3.62802695294424149,0)
      263       286 (-0.54984536627283675525,0)
      264       104 (-0.62055222953481703474,0)
      264       133 (-0.64896443469746123434,0)
      264       134 (-0.41066128467443918648,0)
      264       208 (-0.73697775688294142604,0)
      264       209 (-0.49102195378789120772,0)
      264       216 (-0.61292715858350621527,0)
      264       264 (3.5211048181610564711,0)
      265         5 (-0.70948131950658810396,0)
      265        67 (-0.87603022289440768411,0)
      265       126 (-0.73899563784999577898,0)
      265       171 (-0.59944944578735892549,0)
      265       212 (-0.74441994195480831742,0)
      265       265 (3.668376567993159032,0)
      266        95 (-0.80166098452197742663,0)
      266       129 (-0.6692242595633715041,0)
      266       155 (-0.64482612210740120062,0)
      266       224 (-0.72010065114045285206,0)
      266       230 (-0.84340053225705169382,0)
      266       266 (3.6792125495902547883,0)
      267       103 (-0.90659191411149553375,0)
      267       120 (-0.97795178187406706094,0)
      267       177 (-0.9243504406721437805,0)
      267       184 (-0.4800234327394062861,0)
      267       228 (-0.52735404530007323753,0)
      267       267 (3.8162716146971860098,0)
      268        56 (-0.43384188863277761694,0)
      268        57 (-0.78421508743380197171,0)
      268       135 (-0.40133876666092854757,0)
      268       165 (-0.57127569506980946379,0)
      268       268 (3.5473886511473433636,0)
      268       280 (-0.6201613272445613001,0)
      268       290 (-0.73655588610546485206,0)
      269        26 (-1.1740309712976841894,0)
      269        27 (-0.39738077769677482287,0)
      269       123 (-0.79727087867789458997,0)
      269       182 (-0.49808161269362694057,0)
      269       205 (-1.0049780276294761894,0)
      269       269 (3.8717422679954567322,0)
      270        94 (-0.53597400049497978536,0)
      270       108 (-0.80453152335805511175,0)
      270       151 (-0.57082295649112091418,0)
      270       196 (-0.75578470932305696905,0)
      270       270 (3.739484808247507619,0)
      270       278 (-1.0723716185802958378,0)
      271       101 (-1.0447621398440161133,0)
      271       110 (-0.91222914601679672142,0)
      271       166 (-1.0850996937226384809,0)
      271       183 (-1.0052997533495879878,0)
      271       271 (4.0473907329330396365,0)
      272         2 (-0.92111674799242204692,0)
      272        30 (-0.39487646848540236544,0)
      272       105 (-0.37585467182682585907,0)
      272       146 (-1.2842722009786495807,0)
      272       189 (-0.96150670081493627706,0)
      272       272 (3.9376267900982360182,0)
      273        83 (-1.0986143550378286715,0)
      273        84 (-1.0513933702237925338,0)
      273       128 (-1.2317044570226005629,0)
      273       157 (-0.34967068524717681566,0)
      273       164 (-0.29537120712484044027,0)
      273       273 (4.0267540746562389131,0)
      274         6 (-0.047559944994228803283,0)
      274        66 (-1.2237337765231381947,0)
      274       127 (-1.258037520828895417,0)
      274       144 (-0.87855904370862492048,0)
      274       197 (-0.37150031260756521956,0)
      274       255 (-0.2841712274968968277,0)
      274       274 (4.0635618261593489109,0)
      275        88 (-0.8248211123341485651,0)
      275       120 (-0.92680782691994478828,0)
      275       184 (-0.84953843728606970309,0)
      275       185 (-0.87587340300581639774,0)
      275       211 (-0.29909870780273173363,0)
      275       275 (3.7761394873487104107,0)
      276        88 (-0.94281100561075115163,0)
      276       136 (-0.51111215653067176845,0)
      276       137 (-0.87963618872053772613,0)
      276       180 (-0.23104864000603980712,0)
      276       184 (-0.53420704182580636132,0)
      276       250 (-0.54882255926692802284,0)
      276       276 (3.6476375919607355591,0)
      277        18 (-0.99869444978673194147,0)
      277        19 (-0.56704859798176243668,0)
      277       124 (-0.94583483242202803787,0)
      277       195 (-0.77306134804961545992,0)
      277       218 (-0.48456537455557235905,0)
      277       277 (3.769204602795710457,0)
      278        94 (-0.47466322982717590317,0)
      278       125 (-0.93831740450251077679,0)
      278       151 (-0.52777290747524718828,0)
      278       198 (-0.78850376854107762092,0)
      278       270 (-1.0723716185802958378,0)
      278       278 (3.8016289289263069939,0)
      279       105 (-0.96655017023231415418,0)
      279       147 (-1.0448418484287120833,0)
      279       162 (-0.95941213227777188965,0)
      279       189 (-1.0561225591355349884,0)
      279       279 (4.0269267100743331156,0)
      280        55 (-0.39181315986187920108,0)
      280        56 (-0.9886973635220397405,0)
      280       135 (-0.81950782725913007276,0)
      280       160 (-0.95324483772202728282,0)
      280       268 (-0.6201613272445613001,0)
      280       280 (3.7734245156096375418,0)
      281        71 (-0.92474382037335145501,0)
      281        72 (-1.0452597606294271593,0)
      281       147 (-1.0340220113009959135,0)
      281       194 (-0.56811456410657223959,0)
      281       251 (-0.29027070168743779321,0)
      281       281 (3.8624108580977845051,0)
      282        92 (-0.90912773813306668735,0)
      282       117 (-0.57436534285558016322,0)
      282       152 (-0.59279930988483209298,0)
      282       174 (-0.89423478335471617839,0)
      282       203 (-0.75784510280487071832,0)
      282       282 (3.7283722770330660623,0)
      283        93 (-0.94457410608020775378,0)
      283       133 (-0.7521017857619856084,0)
      283       153 (-0.55718635051367337852,0)
      283       209 (-0.59576181286849350105,0)
      283       231 (-0.87011159656559577957,0)
      283       283 (3.7197356517899562434,0)
      284        85 (-1.0543350388247949567,0)
      284        86 (-0.90901664754241828792,0)
      284       132 (-1.0225685260814951771,0)
      284       164 (-0.4038824491186755461,0)
      284       214 (-0.44974961274041669324,0)
      284       284 (3.8395522743078012162,0)
      285        93 (-1.0872707396045231398,0)
      285       126 (-1.182414212279623511,0)
      285       145 (-0.39905563449041681068,0)
      285       171 (-0.56965596929774975354,0)
      285       209 (-0.63396167025246619176,0)
      285       285 (3.8723582259247786297,0)
      286        89 (-0.63692107717629586894,0)
      286       119 (-0.82942079603874230287,0)
      286       150 (-0.92824523827051241831,0)
      286       175 (-0.249582739435242007,0)
      286       210 (-0.44782996420200310572,0)
      286       263 (-0.54984536627283675525,0)
      286       286 (3.6418451813956327356,0)
      287        99 (-1.1313239646021755469,0)
      287       123 (-0.99691903597903097634,0)
      287       130 (-0.3536722362481060089,0)
      287       182 (-0.62875876446944256593,0)
      287       207 (-0.7237685327753540232,0)
      287       287 (3.8344425340741099539,0)
      288        80 (-0.3834232511647639452,0)
      288        81 (-1.0410358804921844289,0)
      288       122 (-0.49017290862322637768,0)
      288       150 (-1.2247252676370665725,0)
      288       241 (-0.76940939026469279405,0)
      288       288 (3.9087666981819344514,0)
      289        96 (-1.1353637593255672122,0)
      289       148 (-0.86611219662280358733,0)
      289       156 (-0.89111325963501619718,0)
      289       225 (-1.1769951550460819867,0)
      289       289 (4.0695843706294692055,0)
      290        98 (-0.69891348889190352267,0)
      290       135 (-0.69965793220428007526,0)
      290       165 (-0.74715637022898895303,0)
      290       223 (-0.7754010735347272032,0)
      290       268 (-0.73655588610546485206,0)
      290       290 (3.6576847509653651613,0)

