# Sparse Matrix (Morse)  
# first line: n m (is symmetic) nbcoef 
# after for each nonzero coefficient:   i j a_ij where (i,j) \in  {1,...,n}x{1,...,m} 
290 290 0  1858
        1         1 (-0.047929027529853972245,0)
        1        18 (-0.011735079503365884387,0)
        1        65 (-0.012229434261561105204,0)
        1       218 (-0.023964513764926986122,0)
        2         2 (-0.059719162517450685712,0)
        2        29 (-0.011238015471691741726,0)
        2        30 (-0.010514726567144208613,0)
        2       189 (-0.019344854691581141182,0)
        2       272 (-0.018621565787033611539,0)
        3         3 (-0.052400577673040925342,0)
        3        41 (-0.013069720035379024312,0)
        3        42 (-0.013130568801141440094,0)
        3       170 (-0.026200288836520459201,0)
        4         4 (-0.077522045520062282664,0)
        4        53 (-0.015215714916729379882,0)
        4        54 (-0.010941275735236757199,0)
        4       155 (-0.027819747024794394541,0)
        4       230 (-0.023545307843301773593,0)
        5         5 (-0.048799532009733040394,0)
        5        66 (-0.0069144725118155678581,0)
        5        67 (-0.0059156483056794755687,0)
        5       212 (-0.011569645187371482842,0)
        5       255 (-0.013113289740793962826,0)
        5       265 (-0.011286476264072559106,0)
        6         6 (-0.06755348422804072217,0)
        6        66 (-0.0073818160278669303631,0)
        6        68 (-0.0074057908845298050723,0)
        6       197 (-0.018989135201623631721,0)
        6       262 (-0.014804941546907254141,0)
        6       274 (-0.018971800567113100006,0)
        7         7 (-0.039637869028000809191,0)
        7        72 (-0.010638766880019804445,0)
        7        73 (-0.0091801676339806053545,0)
        7       206 (-0.019818934514000408065,0)
        8         8 (-0.022836087657342712953,0)
        8        75 (-0.00610388420463125244,0)
        8        76 (-0.0018458076917832401571,0)
        8       221 (-0.0095722361368881167532,0)
        8       242 (-0.0053141596240401049039,0)
        9         9 (-0.015825236304795986531,0)
        9        14 (-0.0060668104700578534896,0)
        9        76 (-0.0018458076823401432451,0)
        9       242 (-0.0079126181523979932653,0)
       10        10 (-0.023963179886478568753,0)
       10        15 (-0.0057734371232957774206,0)
       10        77 (-0.0062081528199435086907,0)
       10       178 (-0.011981589943239282642,0)
       11        11 (-0.023672221391420132652,0)
       11        78 (-0.0068616295526930581525,0)
       11        79 (-0.0049744811430170107758,0)
       11       163 (-0.011836110695710066326,0)
       12        12 (-0.0090471373676464152819,0)
       12        17 (-0.004523568683823210243,0)
       12        80 (-0.0045235686838232076409,0)
       13        13 (-0.076567518459841166223,0)
       13        67 (-0.0074401363561044575254,0)
       13        86 (-0.010925292246417538794,0)
       13       154 (-0.019918330627398596333,0)
       13       214 (-0.022204094056338181257,0)
       13       220 (-0.016079665173582405324,0)
       14         9 (-0.0060668104700578534896,0)
       14        14 (-0.081837506952385258296,0)
       14        15 (-0.0063387795861470216593,0)
       14       156 (-0.017647040976041146465,0)
       14       187 (-0.010866122443946621412,0)
       14       191 (-0.015686349397145922524,0)
       14       225 (-0.014554703810538941952,0)
       14       242 (-0.010677700268507769876,0)
       15        10 (-0.0057734371232957774206,0)
       15        14 (-0.006338779586147020792,0)
       15        15 (-0.043393871194792640877,0)
       15       178 (-0.010372234368299700774,0)
       15       225 (-0.011324701229096623134,0)
       15       240 (-0.0095847188879535256956,0)
       16        16 (-0.068646587727645452803,0)
       16        17 (-0.0051247082397802446591,0)
       16        79 (-0.0043378697867364878621,0)
       16       142 (-0.013693571405424770013,0)
       16       183 (-0.013534568393293745087,0)
       16       186 (-0.010536617746783364172,0)
       16       193 (-0.010252107723745624082,0)
       16       234 (-0.011167144431881232541,0)
       17        12 (-0.004523568683823210243,0)
       17        16 (-0.0051247082397802455264,0)
       17        17 (-0.04674489175200172153,0)
       17        80 (-0.012890915552865403818,0)
       17       175 (-0.013724168952397409332,0)
       17       193 (-0.010481530323135458682,0)
       18         1 (-0.011735079503365884387,0)
       18        18 (-0.061896488753361247892,0)
       18        19 (-0.0094826499342179747937,0)
       18       218 (-0.021465594442462650887,0)
       18       277 (-0.019213164873314744763,0)
       19        18 (-0.0094826499342179747937,0)
       19        19 (-0.064868449646412168486,0)
       19        20 (-0.01326260595127431649,0)
       19       195 (-0.022951574888988107714,0)
       19       277 (-0.019171618871931760814,0)
       20        19 (-0.01326260595127431649,0)
       20        20 (-0.069556263249620275957,0)
       20        21 (-0.010423611342305492272,0)
       20       195 (-0.024354520282504652645,0)
       20       222 (-0.021515525673535831896,0)
       21        20 (-0.010423611342305492272,0)
       21        21 (-0.077250279676324654088,0)
       21        22 (-0.015910165310791358345,0)
       21       152 (-0.028201528495856841711,0)
       21       222 (-0.022714974527370972168,0)
       22        21 (-0.015910165310791358345,0)
       22        22 (-0.085734155125352817794,0)
       22        23 (-0.011469127495300334568,0)
       22       152 (-0.03139795006737607086,0)
       22       174 (-0.026956912251885047083,0)
       23        22 (-0.011469127495300334568,0)
       23        23 (-0.060078758230565805498,0)
       23        24 (-0.0090694595901784774705,0)
       23       174 (-0.020969919525104428748,0)
       23       237 (-0.01857025161998257512,0)
       24        23 (-0.0090694595901784774705,0)
       24        24 (-0.063372609710719368659,0)
       24        25 (-0.013795152745878539249,0)
       24       161 (-0.022616845265181210328,0)
       24       237 (-0.017891152109481143345,0)
       25        24 (-0.013795152745878539249,0)
       25        25 (-0.078745018613541689634,0)
       25        26 (-0.012877336153220625067,0)
       25       161 (-0.026495173153550231893,0)
       25       182 (-0.025577356560892317711,0)
       26        25 (-0.012877336153220625067,0)
       26        26 (-0.063806467291336099734,0)
       26        27 (-0.0094190679312678542157,0)
       26       182 (-0.022484165714400195651,0)
       26       269 (-0.019025897492447426534,0)
       27        26 (-0.0094190679312678542157,0)
       27        27 (-0.074469972197805142655,0)
       27        28 (-0.0093253908355434896732,0)
       27       205 (-0.018490527332091243051,0)
       27       257 (-0.018840592880305605944,0)
       27       269 (-0.018394393218596972323,0)
       28        27 (-0.0093253908355434896732,0)
       28        28 (-0.063037938104841428899,0)
       28        29 (-0.012732152709980713162,0)
       28       162 (-0.02219357821687722998,0)
       28       257 (-0.018786816342440001287,0)
       29         2 (-0.011238015471691741726,0)
       29        28 (-0.012732152709980713162,0)
       29        29 (-0.069404504856523330236,0)
       29       162 (-0.023464236956569926862,0)
       29       189 (-0.021970099718280955425,0)
       30         2 (-0.010514726567144208613,0)
       30        30 (-0.082767616250563252889,0)
       30        31 (-0.0097770608509189834562,0)
       30       146 (-0.021092020707218443049,0)
       30       232 (-0.020029091096776273362,0)
       30       272 (-0.021354717028505353082,0)
       31        30 (-0.0097770608509189834562,0)
       31        31 (-0.069179875128735815459,0)
       31        32 (-0.014328253251487035186,0)
       31       149 (-0.024812876713448929478,0)
       31       232 (-0.020261684312880869074,0)
       32        31 (-0.014328253251487035186,0)
       32        32 (-0.074031272537319073312,0)
       32        33 (-0.01046129781897765787,0)
       32       149 (-0.026554338449681878787,0)
       32       202 (-0.02268738301717250147,0)
       33        32 (-0.010461297818977659604,0)
       33        33 (-0.075172363864892149943,0)
       33        34 (-0.014923722006499126266,0)
       33       143 (-0.027124884113468417102,0)
       33       202 (-0.022662459925946943501,0)
       34        33 (-0.014923722006499126266,0)
       34        34 (-0.078344132203749194954,0)
       34        35 (-0.011276375620915244508,0)
       34       143 (-0.027895690480959356439,0)
       34       188 (-0.024248344095375476415,0)
       35        34 (-0.011276375620915244508,0)
       35        35 (-0.075648713026921249325,0)
       35        36 (-0.014385762899118624894,0)
       35       131 (-0.026547980892545383624,0)
       35       188 (-0.023438593614341998034,0)
       36        35 (-0.014385762899118624894,0)
       36        36 (-0.069484046595542497959,0)
       36        37 (-0.010228170699569969632,0)
       36       131 (-0.024513852598201289756,0)
       36       219 (-0.020356260398652639698,0)
       37        36 (-0.010228170699569969632,0)
       37        37 (-0.093596191855667726367,0)
       37        38 (-0.012047038978409521301,0)
       37       138 (-0.024522886249854384394,0)
       37       201 (-0.0257165122105773164,0)
       37       219 (-0.021081583717256546784,0)
       38        37 (-0.012047038978409521301,0)
       38        38 (-0.048058574422975133822,0)
       38        39 (-0.011982248233078054284,0)
       38       201 (-0.024029287211487566911,0)
       39        38 (-0.011982248233078054284,0)
       39        39 (-0.085122449213841475113,0)
       39        40 (-0.014027848892514949847,0)
       39       169 (-0.030578976373842693681,0)
       39       201 (-0.028533375714405791179,0)
       40        39 (-0.014027848892514948112,0)
       40        40 (-0.068963311052137835078,0)
       40        41 (-0.0093695404680585077373,0)
       40       169 (-0.025112115058010413271,0)
       40       245 (-0.020453806633553971162,0)
       41         3 (-0.013069720035379024312,0)
       41        40 (-0.009369540468058509472,0)
       41        41 (-0.069558548995499874801,0)
       41       170 (-0.025409734029691440071,0)
       41       245 (-0.021709554462370918293,0)
       42         3 (-0.013130568801141440094,0)
       42        42 (-0.070275006018431257493,0)
       42        43 (-0.00960598981454989162,0)
       42       170 (-0.025531513194665744065,0)
       42       243 (-0.022006934208074195591,0)
       43        42 (-0.00960598981454989162,0)
       43        43 (-0.066127171471113924128,0)
       43        44 (-0.0128063688901483997,0)
       43       167 (-0.023457595921007073914,0)
       43       243 (-0.020257216845408564099,0)
       44        43 (-0.0128063688901483997,0)
       44        44 (-0.065497183980521012092,0)
       44        45 (-0.010032533603256907698,0)
       44       167 (-0.022716058387003607022,0)
       44       200 (-0.01994222310011211502,0)
       45        44 (-0.010032533603256907698,0)
       45        45 (-0.067366601113930169031,0)
       45        46 (-0.013230811960165955732,0)
       45       136 (-0.023650766953708185492,0)
       45       200 (-0.020452488596799132253,0)
       46        45 (-0.013230811960165953997,0)
       46        46 (-0.062963459474450519937,0)
       46        47 (-0.0091588455218103489303,0)
       46       136 (-0.022322884215414912773,0)
       46       250 (-0.018250917777059311176,0)
       47        46 (-0.0091588455218103489303,0)
       47        47 (-0.082468498445338780933,0)
       47        48 (-0.011032596742970406101,0)
       47       137 (-0.02104280695788864064,0)
       47       199 (-0.022291099039111944569,0)
       47       250 (-0.018943150183557442429,0)
       48        47 (-0.011032596742970404366,0)
       48        48 (-0.072155861921457051245,0)
       48        49 (-0.013240290145416947626,0)
       48       166 (-0.02504533421775812993,0)
       48       199 (-0.022837640815311581466,0)
       49        48 (-0.013240290145416944156,0)
       49        49 (-0.06514816334596770786,0)
       49        50 (-0.01000766807049747846,0)
       49       166 (-0.022566413602486387613,0)
       49       252 (-0.019333791527566916713,0)
       50        49 (-0.01000766807049747846,0)
       50        50 (-0.067228113664380959036,0)
       50        51 (-0.014337591312151438602,0)
       50       158 (-0.023606388761692999323,0)
       50       252 (-0.019276465520039039181,0)
       51        50 (-0.014337591312151438602,0)
       51        51 (-0.090603747104813614488,0)
       51        52 (-0.014271112411823166574,0)
       51       158 (-0.031030761140583652813,0)
       51       168 (-0.030964282240255380785,0)
       52        51 (-0.014271112411823166574,0)
       52        52 (-0.068393707524707289536,0)
       52        53 (-0.009240092585781428669,0)
       52       168 (-0.024956761176572219568,0)
       52       244 (-0.019925741350530479928,0)
       53         4 (-0.015215714916729379882,0)
       53        52 (-0.0092400925857814304037,0)
       53        53 (-0.073018823326406578911,0)
       53       155 (-0.027269319077421867725,0)
       53       244 (-0.021293696746473914777,0)
       54         4 (-0.010941275735236757199,0)
       54        54 (-0.057788607461041488489,0)
       54        55 (-0.0093189870583926005809,0)
       54       230 (-0.019575316672128147133,0)
       54       253 (-0.017953027995283990514,0)
       55        54 (-0.0093189870583926005809,0)
       55        55 (-0.07777657702170767684,0)
       55        56 (-0.0096559809833759134567,0)
       55       160 (-0.01991332046908533826,0)
       55       253 (-0.019047275026330440229,0)
       55       280 (-0.01984101348452340513,0)
       56        55 (-0.0096559809833759151915,0)
       56        56 (-0.055001116279957018573,0)
       56        57 (-0.010159557462706319056,0)
       56       268 (-0.017844577156602602769,0)
       56       280 (-0.017341000677272191965,0)
       57        56 (-0.010159557462706319056,0)
       57        57 (-0.065595262611020249688,0)
       57        58 (-0.013098768944651029492,0)
       57       165 (-0.022638073842803807523,0)
       57       268 (-0.019698862360859097087,0)
       58        57 (-0.013098768944651031226,0)
       58        58 (-0.086426292978512869736,0)
       58        59 (-0.015775277734695222071,0)
       58       134 (-0.030114377544605407111,0)
       58       165 (-0.027437868754561212797,0)
       59        58 (-0.015775277734695222071,0)
       59        59 (-0.075480288709937032321,0)
       59        60 (-0.011390202327611193694,0)
       59       134 (-0.026349942027357329405,0)
       59       208 (-0.021964866620273307968,0)
       60        59 (-0.011390202327611193694,0)
       60        60 (-0.090999532146755601758,0)
       60        61 (-0.011125797356759734372,0)
       60       133 (-0.022983766389006878017,0)
       60       208 (-0.022958045657721776189,0)
       60       231 (-0.022541720415656017751,0)
       61        60 (-0.011125797356759736106,0)
       61        61 (-0.072528609644704228332,0)
       61        62 (-0.015287389351735947846,0)
       61       153 (-0.025138507465592381529,0)
       61       231 (-0.02097691547061616632,0)
       62        61 (-0.015287389351735947846,0)
       62        62 (-0.071580748110858155586,0)
       62        63 (-0.0095344467186022716781,0)
       62       153 (-0.02625592733682680785,0)
       62       217 (-0.020502984703693133417,0)
       63        62 (-0.0095344467186022716781,0)
       63        63 (-0.060693257791818118474,0)
       63        64 (-0.011640447927354510838,0)
       63       204 (-0.020812182177306789294,0)
       63       217 (-0.01870618096855454493,0)
       64        63 (-0.011640447927354510838,0)
       64        64 (-0.077181252826614116236,0)
       64        65 (-0.015525935972941783819,0)
       64       140 (-0.026950178485952554219,0)
       64       204 (-0.023064690440365277768,0)
       65         1 (-0.01222943426156110347,0)
       65        64 (-0.015525935972941783819,0)
       65        65 (-0.087030954478304584088,0)
       65       140 (-0.031286042977591195513,0)
       65       218 (-0.027989541266210515164,0)
       66         5 (-0.0069144725118155687255,0)
       66         6 (-0.0073818160278669303631,0)
       66        66 (-0.04206442948299861373,0)
       66       255 (-0.013650398713632378236,0)
       66       274 (-0.014117742229683736405,0)
       67         5 (-0.0059156483056794755687,0)
       67        13 (-0.0074401363561044575254,0)
       67        67 (-0.054484803376874696434,0)
       67       171 (-0.01388661702665341946,0)
       67       220 (-0.014698447694259937635,0)
       67       265 (-0.012543953994177407113,0)
       68         6 (-0.0074057908845298050723,0)
       68        68 (-0.04438230740272522401,0)
       68        69 (-0.0078432615921225183608,0)
       68       256 (-0.0147853628168328078,0)
       68       262 (-0.014347892109240097114,0)
       69        68 (-0.0078432615921225166261,0)
       69        69 (-0.031864812511357559766,0)
       69        70 (-0.0080891446635562701956,0)
       69       256 (-0.015932406255678783352,0)
       70        69 (-0.0080891446635562701956,0)
       70        70 (-0.084931862215420816931,0)
       70        71 (-0.0088557384477105389325,0)
       70       207 (-0.015624365126893063199,0)
       70       226 (-0.017775918587277686478,0)
       70       251 (-0.018752421317261080275,0)
       70       256 (-0.015834274072722191729,0)
       71        70 (-0.0088557384477105389325,0)
       71        71 (-0.043267229156860848027,0)
       71        72 (-0.006253879812474031144,0)
       71       251 (-0.015379734765956394604,0)
       71       281 (-0.012777876130719881612,0)
       72         7 (-0.010638766880019804445,0)
       72        71 (-0.0062538798124740302767,0)
       72        72 (-0.070372973694751483897,0)
       72       194 (-0.018293840154881911564,0)
       72       206 (-0.020998548346610780568,0)
       72       281 (-0.014187938500764963115,0)
       73         7 (-0.0091801676339806053545,0)
       73        73 (-0.046587303026506460268,0)
       73        74 (-0.0070552393653873441207,0)
       73       206 (-0.016238412147865886881,0)
       73       246 (-0.014113483879272623045,0)
       74        73 (-0.0070552393653873441207,0)
       74        74 (-0.051131337854811137467,0)
       74        75 (-0.010173478000637514035,0)
       74       151 (-0.018510429562018232419,0)
       74       246 (-0.015392190926768059903,0)
       75         8 (-0.00610388420463125244,0)
       75        74 (-0.010173478000637514035,0)
       75        75 (-0.049958985435497711702,0)
       75       151 (-0.018875608513117606013,0)
       75       221 (-0.014806014717111341816,0)
       76         8 (-0.0018458076917832401571,0)
       76         9 (-0.0018458076823401430282,0)
       76        76 (-0.007383230748246763335,0)
       76       242 (-0.0036916153741233825349,0)
       77        10 (-0.0062081528199435086907,0)
       77        77 (-0.038175321035987433427,0)
       77        78 (-0.0047369819608285386112,0)
       77       172 (-0.0092223692833460820667,0)
       77       178 (-0.0098652912346476381161,0)
       77       261 (-0.0081425257372216702789,0)
       78        11 (-0.0068616295526930581525,0)
       78        77 (-0.0047369819608285386112,0)
       78        78 (-0.040402861774913381709,0)
       78       163 (-0.011055350559629445462,0)
       78       172 (-0.0091460803278272488626,0)
       78       238 (-0.00860281937393510103,0)
       79        11 (-0.0049744811430170107758,0)
       79        16 (-0.0043378697867364878621,0)
       79        79 (-0.026952220304655782196,0)
       79       163 (-0.0091382403655914032359,0)
       79       186 (-0.0085016290093108785875,0)
       80        12 (-0.0045235686838232076409,0)
       80        17 (-0.012890915552865402083,0)
       80        80 (-0.079671391605308755635,0)
       80        81 (-0.0086631034762157561879,0)
       80       150 (-0.018281676773573223016,0)
       80       175 (-0.017230192255225887377,0)
       80       288 (-0.018081934863605278463,0)
       81        80 (-0.0086631034762157561879,0)
       81        81 (-0.046332727450585434181,0)
       81        82 (-0.0084962888240865501455,0)
       81       241 (-0.014503260249076962637,0)
       81       288 (-0.014670074901206170415,0)
       82        81 (-0.0084962888240865484107,0)
       82        82 (-0.067362100350264506043,0)
       82        83 (-0.014208870279767478462,0)
       82       157 (-0.025184761351045716754,0)
       82       241 (-0.019472179895364784968,0)
       83        82 (-0.014208870279767478462,0)
       83        83 (-0.066045247858391858964,0)
       83        84 (-0.0076236439159259004883,0)
       83       157 (-0.025398980013270032463,0)
       83       273 (-0.01881375364942845102,0)
       84        83 (-0.0076236439159259004883,0)
       84        84 (-0.061366290361339385917,0)
       84        85 (-0.012552009936012690355,0)
       84       164 (-0.023059501264743802879,0)
       84       273 (-0.018131135244657009542,0)
       85        84 (-0.012552009936012690355,0)
       85        85 (-0.058228861089912459237,0)
       85        86 (-0.0071188619569134718376,0)
       85       164 (-0.021995568588042760383,0)
       85       284 (-0.016562420608943539263,0)
       86        13 (-0.010925292246417537059,0)
       86        85 (-0.007118861956913472705,0)
       86        86 (-0.051454969821834103949,0)
       86       214 (-0.018608622954003582739,0)
       86       284 (-0.014802192664499518385,0)
       87        87 (-0.10915358928455182186,0)
       87       176 (-0.017682599492394035501,0)
       87       177 (-0.020767435163284591465,0)
       87       179 (-0.016126759986597297841,0)
       87       192 (-0.019227103877535511867,0)
       87       228 (-0.018850840305605531116,0)
       87       247 (-0.016498850459134871416,0)
       88        88 (-0.068275712337675778518,0)
       88       180 (-0.012217579728460995631,0)
       88       184 (-0.012498227031238078738,0)
       88       185 (-0.0094220494091388252988,0)
       88       248 (-0.0098505421384740832202,0)
       88       275 (-0.0097843132315686212608,0)
       88       276 (-0.014503000798795184778,0)
       89        89 (-0.095563377485239742182,0)
       89       158 (-0.020909540367803916561,0)
       89       168 (-0.023304957215595032555,0)
       89       210 (-0.02028803228548490753,0)
       89       263 (-0.015574663813638957299,0)
       89       286 (-0.01548618380271694385,0)
       90        90 (-0.12481812894469479502,0)
       90       145 (-0.022272966888663744967,0)
       90       159 (-0.019460858110627574091,0)
       90       213 (-0.024970857602060463065,0)
       90       215 (-0.019794883779611562036,0)
       90       236 (-0.01764332309067537935,0)
       90       259 (-0.020675239473056078454,0)
       91        91 (-0.064849229965976334933,0)
       91       173 (-0.012784580206010334041,0)
       91       181 (-0.012497706515828269774,0)
       91       190 (-0.013917938479473574917,0)
       91       254 (-0.014704861528654272762,0)
       91       258 (-0.010944143236009895581,0)
       92        92 (-0.097762405391339457505,0)
       92       144 (-0.016954900487145214971,0)
       92       152 (-0.018168424344266680126,0)
       92       203 (-0.017094803272379617554,0)
       92       239 (-0.015415947892268480612,0)
       92       249 (-0.013617975079023438012,0)
       92       282 (-0.016510354316256040108,0)
       93        93 (-0.10185789991248389574,0)
       93       145 (-0.017290919142685608201,0)
       93       153 (-0.017903196979082457163,0)
       93       209 (-0.015734833834473896386,0)
       93       233 (-0.017549066457419458531,0)
       93       283 (-0.01678020257353925529,0)
       93       285 (-0.016599680925283234051,0)
       94        94 (-0.13828480453301777997,0)
       94       146 (-0.02062649095068286309,0)
       94       149 (-0.02498962517321286908,0)
       94       196 (-0.020923736616104325614,0)
       94       198 (-0.018722437633795892264,0)
       94       232 (-0.02272093420059375507,0)
       94       270 (-0.015204312462165608943,0)
       94       278 (-0.015097267496462479786,0)
       95        95 (-0.14518198208144397765,0)
       95       128 (-0.02778412029318656426,0)
       95       155 (-0.02355176293927059572,0)
       95       157 (-0.030156235090124054038,0)
       95       224 (-0.018882993011327356414,0)
       95       229 (-0.026189936214673768811,0)
       95       266 (-0.018616934532861669632,0)
       96        96 (-0.14186085592018288226,0)
       96       131 (-0.024113734969523945018,0)
       96       143 (-0.026284194491190390752,0)
       96       148 (-0.014453935197428637027,0)
       96       156 (-0.01980317454891829948,0)
       96       173 (-0.02076864965432205154,0)
       96       188 (-0.024768875690215873264,0)
       96       289 (-0.011668291368583712936,0)
       97        97 (-0.22674912369032623749,0)
       97       128 (-0.031652802978288069324,0)
       97       129 (-0.026665561958362154343,0)
       97       132 (-0.030220677837666472254,0)
       97       135 (-0.024835519070846447109,0)
       97       160 (-0.0266650018669355518,0)
       97       164 (-0.033519346095852720069,0)
       97       223 (-0.025203221668182694548,0)
       97       224 (-0.02798699221419214192,0)
       98        98 (-0.17678753133920310781,0)
       98       132 (-0.023872662421315488795,0)
       98       134 (-0.025611084019742144657,0)
       98       154 (-0.02331025641422513478,0)
       98       165 (-0.022335018119085774113,0)
       98       214 (-0.02625594093311223523,0)
       98       216 (-0.022632129124589082936,0)
       98       223 (-0.017170677492814451215,0)
       98       290 (-0.015599762814318796078,0)
       99        99 (-0.11684879283773796921,0)
       99       130 (-0.016919093377575723791,0)
       99       161 (-0.02302481163243975254,0)
       99       182 (-0.020200621352451385987,0)
       99       197 (-0.020523029271033818577,0)
       99       235 (-0.021304681688841878295,0)
       99       287 (-0.014876555515395420426,0)
      100       100 (-0.099689298240992277322,0)
      100       139 (-0.014574842121498381847,0)
      100       141 (-0.013523508693565000627,0)
      100       172 (-0.016679537011856128415,0)
      100       179 (-0.01395466321951850143,0)
      100       211 (-0.014038091627587345744,0)
      100       227 (-0.010720225616718910208,0)
      100       228 (-0.016198429950248043746,0)
      101       101 (-0.11300110100651948597,0)
      101       137 (-0.018313625832983460029,0)
      101       142 (-0.017114056950486906949,0)
      101       166 (-0.015745958368897170626,0)
      101       180 (-0.017863330172678028307,0)
      101       183 (-0.013959821875634235988,0)
      101       199 (-0.01899221265907674594,0)
      101       271 (-0.011012095146762946804,0)
      102       102 (-0.13056083116485575624,0)
      102       138 (-0.022849880371971408033,0)
      102       169 (-0.023345515217290745136,0)
      102       176 (-0.020350423445534601696,0)
      102       190 (-0.022974460357385036863,0)
      102       201 (-0.021955531779508243029,0)
      102       247 (-0.019085019993165735358,0)
      103       103 (-0.11588229817378031816,0)
      103       136 (-0.021946335319429709221,0)
      103       167 (-0.022241379092219241281,0)
      103       177 (-0.019121564948598956946,0)
      103       184 (-0.018350458806795439531,0)
      103       200 (-0.020469125331495755665,0)
      103       267 (-0.013753434675241215518,0)
      104       104 (-0.10224986809330344206,0)
      104       154 (-0.015823952500419322803,0)
      104       171 (-0.018846228754046866205,0)
      104       209 (-0.020191119781152337687,0)
      104       216 (-0.014687388592481954996,0)
      104       220 (-0.016246425673017435287,0)
      104       264 (-0.016454752792185542432,0)
      105       105 (-0.13809097129570147011,0)
      105       146 (-0.021945161561603900024,0)
      105       147 (-0.019724231413064667595,0)
      105       189 (-0.016989187126829362329,0)
      105       194 (-0.022333006195407748007,0)
      105       198 (-0.021498895257248292617,0)
      105       272 (-0.020951502080881513612,0)
      105       279 (-0.014648987660666008478,0)
      106       106 (-0.13731560304918985493,0)
      106       143 (-0.026480479965540613951,0)
      106       149 (-0.02276810719992192894,0)
      106       156 (-0.024472606465334903469,0)
      106       191 (-0.019409214359132391514,0)
      106       196 (-0.020600344718821276407,0)
      106       202 (-0.02358485034043874759,0)
      107       107 (-0.080317114134783360035,0)
      107       139 (-0.011820217283553870538,0)
      107       142 (-0.013905507847492754037,0)
      107       163 (-0.0092629510506517243051,0)
      107       185 (-0.011865042952573571361,0)
      107       186 (-0.011174572643392581203,0)
      107       238 (-0.0098033208218123880223,0)
      107       248 (-0.012485501535306472304,0)
      108       108 (-0.090433244376058430358,0)
      108       151 (-0.017170775031879637051,0)
      108       187 (-0.011505144698842032988,0)
      108       191 (-0.015661205894983119824,0)
      108       196 (-0.016540702457307557283,0)
      108       221 (-0.014194074826041989251,0)
      108       270 (-0.015361341467004104369,0)
      109       109 (-0.082275286428067279099,0)
      109       141 (-0.013506240986132156054,0)
      109       148 (-0.012037558379250776902,0)
      109       178 (-0.0088879722707118254121,0)
      109       181 (-0.015131286981844290634,0)
      109       240 (-0.010110127700240658863,0)
      109       258 (-0.013286584535585847094,0)
      109       261 (-0.0093155155743017345471,0)
      110       110 (-0.10834915551803196709,0)
      110       158 (-0.020730773174085302679,0)
      110       166 (-0.015406426394570595789,0)
      110       183 (-0.011477333240762329497,0)
      110       234 (-0.01276486849108534119,0)
      110       252 (-0.020225217408474528702,0)
      110       263 (-0.016728273017646438231,0)
      110       271 (-0.011016263791407437944,0)
      111       111 (-0.11260054343860487203,0)
      111       152 (-0.020674919539344627922,0)
      111       159 (-0.018491964423044814081,0)
      111       195 (-0.017133387756913004418,0)
      111       215 (-0.018320511751310275539,0)
      111       222 (-0.019772957477396151116,0)
      111       239 (-0.018206802490596009358,0)
      112       112 (-0.081580301335215404945,0)
      112       153 (-0.01673037690272658265,0)
      112       204 (-0.016531353545614448086,0)
      112       213 (-0.016623022978566676794,0)
      112       217 (-0.015584216514795742187,0)
      112       233 (-0.016111331393511958698,0)
      113       113 (-0.095142010117253136836,0)
      113       169 (-0.017844489499348491213,0)
      113       170 (-0.021437792616002149249,0)
      113       176 (-0.017498087256885903884,0)
      113       192 (-0.019431291743543615408,0)
      113       245 (-0.018930349001472987491,0)
      114       114 (-0.10045737570252544213,0)
      114       167 (-0.020265849284066262542,0)
      114       170 (-0.020761140539590862419,0)
      114       177 (-0.020709007479766353144,0)
      114       192 (-0.020221273748584824015,0)
      114       243 (-0.018500104650517164295,0)
      115       115 (-0.10665661890273611667,0)
      115       144 (-0.016403005802614733372,0)
      115       159 (-0.017607894005810670324,0)
      115       212 (-0.01386302908511398424,0)
      115       236 (-0.014507819330793791587,0)
      115       249 (-0.015734083983147694602,0)
      115       255 (-0.017077551489623164771,0)
      115       260 (-0.011463235205632076041,0)
      116       116 (-0.10021505743728408022,0)
      116       147 (-0.018475395843220606545,0)
      116       162 (-0.019897173281412595253,0)
      116       205 (-0.01571186377425885794,0)
      116       226 (-0.015883258770147175992,0)
      116       251 (-0.014498491662970600796,0)
      116       257 (-0.015748874105274271451,0)
      117       117 (-0.10417115338221379084,0)
      117       161 (-0.019975636825080717029,0)
      117       174 (-0.016048032623620544362,0)
      117       203 (-0.016061907242405637497,0)
      117       235 (-0.020050793917764500596,0)
      117       237 (-0.017316120491728703712,0)
      117       282 (-0.014718662281613691112,0)
      118       118 (-0.11019747335439315783,0)
      118       155 (-0.023415901652433769586,0)
      118       168 (-0.021056934335882810522,0)
      118       210 (-0.022450275946437170393,0)
      118       229 (-0.02309957783810597659,0)
      118       244 (-0.020174783581533444615,0)
      119       119 (-0.049739891097145196019,0)
      119       175 (-0.011059346444662677619,0)
      119       193 (-0.0084312931350796066488,0)
      119       234 (-0.0084288702983051667916,0)
      119       263 (-0.01013360273261092355,0)
      119       286 (-0.011686778486486828349,0)
      120       120 (-0.051303089610463356585,0)
      120       184 (-0.010985139214858717291,0)
      120       211 (-0.0098178706466071873071,0)
      120       228 (-0.0098889880406057215079,0)
      120       267 (-0.010886787045684104269,0)
      120       275 (-0.0097243046627076279442,0)
      121       121 (-0.058426088194255404451,0)
      121       179 (-0.009957509200570768132,0)
      121       181 (-0.012499342928688516804,0)
      121       190 (-0.013963533797574936846,0)
      121       227 (-0.0098628330985774358142,0)
      121       247 (-0.012142869168843752059,0)
      122       122 (-0.1309189132056158833,0)
      122       150 (-0.020460534904295980818,0)
      122       157 (-0.026733889582501349502,0)
      122       210 (-0.023233746619555628588,0)
      122       229 (-0.026080485686515282595,0)
      122       241 (-0.018918436011996692114,0)
      122       288 (-0.015491820400750970499,0)
      123       123 (-0.089926503976792651618,0)
      123       182 (-0.015687247583455965483,0)
      123       205 (-0.014817385198695517262,0)
      123       207 (-0.014458619206244850003,0)
      123       226 (-0.016632551965665976629,0)
      123       269 (-0.015335890820060760209,0)
      123       287 (-0.012994809202669585502,0)
      124       124 (-0.078015263619234512249,0)
      124       195 (-0.017169580001757549226,0)
      124       215 (-0.016924566686082224282,0)
      124       218 (-0.01456705630113712055,0)
      124       259 (-0.014753544198200024481,0)
      124       277 (-0.01460051643205759371,0)
      125       125 (-0.10696101414640753202,0)
      125       151 (-0.017477412548606796605,0)
      125       194 (-0.021701018453237144734,0)
      125       198 (-0.01848666437536258117,0)
      125       206 (-0.017516430149234395175,0)
      125       246 (-0.016164501387733731796,0)
      125       278 (-0.01561498723223289295,0)
      126       126 (-0.079775390921058939031,0)
      126       145 (-0.015690257026693129466,0)
      126       171 (-0.013510358657637201729,0)
      126       212 (-0.010687079776199148728,0)
      126       260 (-0.0129767204594219282,0)
      126       265 (-0.011825077417384262379,0)
      126       285 (-0.015085897583723278936,0)
      127       127 (-0.075148059969293648508,0)
      127       144 (-0.015132159260947202276,0)
      127       197 (-0.01455516514210518017,0)
      127       203 (-0.017178085539816048688,0)
      127       235 (-0.015962450851285309161,0)
      127       274 (-0.012320199175139920356,0)
      128        95 (-0.027784120293186567729,0)
      128        97 (-0.031652802978288069324,0)
      128       128 (-0.16196405369167390931,0)
      128       157 (-0.027969752311086192031,0)
      128       164 (-0.02733332941726699522,0)
      128       224 (-0.025678945117483760463,0)
      128       273 (-0.021545103574362331478,0)
      129        97 (-0.026665561958362150874,0)
      129       129 (-0.11714701639163063729,0)
      129       160 (-0.021648019470919384333,0)
      129       224 (-0.020580196860623352351,0)
      129       230 (-0.0163452918642725889,0)
      129       253 (-0.016634502789082759866,0)
      129       266 (-0.015273443448370414843,0)
      130        99 (-0.016919093377575723791,0)
      130       130 (-0.08833543340184284165,0)
      130       197 (-0.017472254590677450958,0)
      130       207 (-0.01331871307577438962,0)
      130       256 (-0.01302720917467523401,0)
      130       262 (-0.013929910247571317822,0)
      130       287 (-0.013668252935568746265,0)
      131        35 (-0.026547980892545383624,0)
      131        36 (-0.024513852598201289756,0)
      131        96 (-0.024113734969523945018,0)
      131       131 (-0.15695670283880128193,0)
      131       173 (-0.021702389681614545069,0)
      131       188 (-0.024371510439422056776,0)
      131       219 (-0.018018688399245429838,0)
      131       254 (-0.017688545858248659604,0)
      132        97 (-0.030220677837666465315,0)
      132        98 (-0.023872662421315488795,0)
      132       132 (-0.14307507288796586509,0)
      132       164 (-0.026489555678684405249,0)
      132       214 (-0.021526968408984482189,0)
      132       223 (-0.023521012356314041636,0)
      132       284 (-0.017444196185000981902,0)
      133        60 (-0.022983766389006878017,0)
      133       133 (-0.10993703906778140578,0)
      133       208 (-0.019318801400086162146,0)
      133       209 (-0.018065849279486567713,0)
      133       231 (-0.017583868854317973029,0)
      133       264 (-0.017579098315588501111,0)
      133       283 (-0.014405654829295327229,0)
      134        58 (-0.030114377544605407111,0)
      134        59 (-0.026349942027357329405,0)
      134        98 (-0.025611084019742148127,0)
      134       134 (-0.16734770425680745021,0)
      134       165 (-0.028234900236327985235,0)
      134       208 (-0.019245687666300526075,0)
      134       216 (-0.020417986491080002132,0)
      134       264 (-0.017373726271394066001,0)
      135        97 (-0.024835519070846447109,0)
      135       135 (-0.10430929765482521709,0)
      135       160 (-0.020504811705513738967,0)
      135       223 (-0.017972607684015623475,0)
      135       268 (-0.013677229437883239166,0)
      135       280 (-0.014499007198767639021,0)
      135       290 (-0.012820122557798513743,0)
      136        45 (-0.023650766953708182022,0)
      136        46 (-0.022322884215414916242,0)
      136       103 (-0.021946335319429709221,0)
      136       136 (-0.14992897235171037673,0)
      136       184 (-0.022140216404218149293,0)
      136       200 (-0.021050944407620099386,0)
      136       250 (-0.018542513403850997833,0)
      136       276 (-0.020275311647468343551,0)
      137        47 (-0.021042806957888644109,0)
      137       101 (-0.018313625832983460029,0)
      137       137 (-0.10855958172386284688,0)
      137       180 (-0.01726179769373265005,0)
      137       199 (-0.020189942382191850001,0)
      137       250 (-0.016828050786006940737,0)
      137       276 (-0.014923358071059343588,0)
      138        37 (-0.024522886249854384394,0)
      138       102 (-0.022849880371971408033,0)
      138       138 (-0.12909847744935420977,0)
      138       190 (-0.022790359488713607394,0)
      138       201 (-0.023830986236603658723,0)
      138       219 (-0.017927892999359842235,0)
      138       254 (-0.017176472102851329804,0)
      139       100 (-0.014574842121498381847,0)
      139       107 (-0.011820217283553870538,0)
      139       139 (-0.075382478743252614994,0)
      139       172 (-0.013985244882653792911,0)
      139       185 (-0.012334482730625812366,0)
      139       211 (-0.011885777205418647517,0)
      139       238 (-0.010781914519502118488,0)
      140        64 (-0.026950178485952554219,0)
      140        65 (-0.031286042977591195513,0)
      140       140 (-0.15487317954056112335,0)
      140       204 (-0.02330596502069469389,0)
      140       213 (-0.023570704787236329558,0)
      140       218 (-0.02691570649709171259,0)
      140       259 (-0.022844581771994693087,0)
      141       100 (-0.013523508693565000627,0)
      141       109 (-0.013506240986132156054,0)
      141       141 (-0.07690815346405695252,0)
      141       172 (-0.014009879822181251288,0)
      141       181 (-0.014191014066086292747,0)
      141       227 (-0.010937955923715065448,0)
      141       261 (-0.010739553972377182886,0)
      142        16 (-0.013693571405424768278,0)
      142       101 (-0.017114056950486906949,0)
      142       107 (-0.013905507847492754037,0)
      142       142 (-0.10265125602196444043,0)
      142       180 (-0.015093636233322684642,0)
      142       183 (-0.016127735970119912168,0)
      142       186 (-0.012788635157926490915,0)
      142       248 (-0.013928112457190940793,0)
      143        33 (-0.027124884113468417102,0)
      143        34 (-0.027895690480959359908,0)
      143        96 (-0.026284194491190390752,0)
      143       106 (-0.026480479965540613951,0)
      143       143 (-0.18572305408931927273,0)
      143       156 (-0.028304677061756471773,0)
      143       188 (-0.02553155171868081233,0)
      143       202 (-0.0241015762577232312,0)
      144        92 (-0.016954900487145218441,0)
      144       115 (-0.016403005802614729902,0)
      144       127 (-0.015132159260947202276,0)
      144       144 (-0.11116799458820462998,0)
      144       203 (-0.019469921319087819811,0)
      144       249 (-0.013955987876581135362,0)
      144       255 (-0.016317308795707759217,0)
      144       274 (-0.012934711046120782318,0)
      145        90 (-0.022272966888663744967,0)
      145        93 (-0.017290919142685608201,0)
      145       126 (-0.015690257026693129466,0)
      145       145 (-0.14401984492343616884,0)
      145       213 (-0.024074377226449734934,0)
      145       233 (-0.01872915765206297628,0)
      145       236 (-0.014954369065889630899,0)
      145       260 (-0.01379933951189359076,0)
      145       285 (-0.017208458409097782821,0)
      146        30 (-0.021092020707218443049,0)
      146        94 (-0.02062649095068286309,0)
      146       105 (-0.021945161561603900024,0)
      146       146 (-0.12732734643901039151,0)
      146       198 (-0.021512453664243799678,0)
      146       232 (-0.020478057243191818276,0)
      146       272 (-0.021673162312069574331,0)
      147       105 (-0.019724231413064664126,0)
      147       116 (-0.018475395843220606545,0)
      147       147 (-0.12034868362730258284,0)
      147       162 (-0.018727116821525346263,0)
      147       194 (-0.020192779195964256217,0)
      147       251 (-0.013476315032151962511,0)
      147       279 (-0.0149821704562205886,0)
      147       281 (-0.014770674865155177663,0)
      148        96 (-0.014453935197428637027,0)
      148       109 (-0.012037558379250776902,0)
      148       148 (-0.087094051779974979155,0)
      148       173 (-0.014887313186673354834,0)
      148       225 (-0.011032426257428146199,0)
      148       240 (-0.011713544725610081781,0)
      148       258 (-0.012603819013526893628,0)
      148       289 (-0.010365455020057106131,0)
      149        31 (-0.024812876713448929478,0)
      149        32 (-0.026554338449681878787,0)
      149        94 (-0.02498962517321286908,0)
      149       106 (-0.02276810719992192894,0)
      149       149 (-0.1695933885695571075,0)
      149       196 (-0.023578388980190760627,0)
      149       202 (-0.023910521387879649091,0)
      149       232 (-0.022979530665221119257,0)
      150        80 (-0.018281676773573223016,0)
      150       122 (-0.020460534904295977349,0)
      150       150 (-0.11150221005862503976,0)
      150       175 (-0.016266424346599736572,0)
      150       210 (-0.021907064727905184442,0)
      150       286 (-0.017008893351443333392,0)
      150       288 (-0.017577615954807609272,0)
      151        74 (-0.018510429562018232419,0)
      151        75 (-0.018875608513117606013,0)
      151       108 (-0.017170775031879637051,0)
      151       125 (-0.017477412548606796605,0)
      151       151 (-0.13727572312648936292,0)
      151       221 (-0.017674704552223172854,0)
      151       246 (-0.017201254119440047285,0)
      151       270 (-0.014975314900396486523,0)
      151       278 (-0.015390223898807399786,0)
      152        21 (-0.028201528495856841711,0)
      152        22 (-0.03139795006737607086,0)
      152        92 (-0.018168424344266680126,0)
      152       111 (-0.020674919539344631392,0)
      152       152 (-0.18577577351394775063,0)
      152       174 (-0.025843014377505746371,0)
      152       222 (-0.023330151394747165872,0)
      152       239 (-0.018210463269186970975,0)
      152       282 (-0.019949322025663664137,0)
      153        61 (-0.025138507465592384998,0)
      153        62 (-0.026255927336826814789,0)
      153        93 (-0.017903196979082457163,0)
      153       112 (-0.016730376902726586119,0)
      153       153 (-0.15643864674206883758,0)
      153       217 (-0.019116003713572162631,0)
      153       231 (-0.017329822152398578067,0)
      153       233 (-0.017810770296482147934,0)
      153       283 (-0.016154041895387730166,0)
      154        13 (-0.019918330627398596333,0)
      154        98 (-0.02331025641422513478,0)
      154       104 (-0.015823952500419322803,0)
      154       154 (-0.11810507908408607314,0)
      154       214 (-0.023672212692881028362,0)
      154       216 (-0.018536857972215034507,0)
      154       220 (-0.0168434688769469737,0)
      155         4 (-0.027819747024794394541,0)
      155        53 (-0.027269319077421871195,0)
      155        95 (-0.02355176293927059572,0)
      155       118 (-0.023415901652433769586,0)
      155       155 (-0.19257788148632623559,0)
      155       229 (-0.025455808184429877528,0)
      155       230 (-0.022051957074036919459,0)
      155       244 (-0.022995828663900291788,0)
      155       266 (-0.020017556870038567818,0)
      156        14 (-0.017647040976041146465,0)
      156        96 (-0.01980317454891829948,0)
      156       106 (-0.024472606465334903469,0)
      156       143 (-0.028304677061756471773,0)
      156       156 (-0.13437476835805894915,0)
      156       191 (-0.019323657402197456923,0)
      156       225 (-0.013480486413127070605,0)
      156       289 (-0.011343125490683635126,0)
      157        82 (-0.025184761351045716754,0)
      157        83 (-0.025398980013270032463,0)
      157        95 (-0.030156235090124057507,0)
      157       122 (-0.026733889582501349502,0)
      157       128 (-0.027969752311086192031,0)
      157       157 (-0.20857263631521127945,0)
      157       229 (-0.028356294583307399548,0)
      157       241 (-0.022561291249942039966,0)
      157       273 (-0.022211432133934547184,0)
      158        50 (-0.023606388761693006262,0)
      158        51 (-0.031030761140583652813,0)
      158        89 (-0.020909540367803916561,0)
      158       110 (-0.020730773174085302679,0)
      158       158 (-0.16387974426402887596,0)
      158       168 (-0.028612162471928222207,0)
      158       252 (-0.019831342555578189424,0)
      158       263 (-0.019158775792356572132,0)
      159        90 (-0.019460858110627574091,0)
      159       111 (-0.01849196442304481755,0)
      159       115 (-0.017607894005810670324,0)
      159       159 (-0.12882605080521047913,0)
      159       215 (-0.020345368261158323225,0)
      159       236 (-0.018090221884546106579,0)
      159       239 (-0.017422980024055258891,0)
      159       249 (-0.017406764095967735412,0)
      160        55 (-0.01991332046908533826,0)
      160        97 (-0.0266650018669355518,0)
      160       129 (-0.021648019470919384333,0)
      160       135 (-0.020504811705513742437,0)
      160       160 (-0.12413230329103688843,0)
      160       253 (-0.017854482959735823444,0)
      160       280 (-0.017546666818847075908,0)
      161        24 (-0.022616845265181213798,0)
      161        25 (-0.026495173153550231893,0)
      161        99 (-0.02302481163243975254,0)
      161       117 (-0.019975636825080717029,0)
      161       161 (-0.15663462826074672773,0)
      161       182 (-0.025200786225238490379,0)
      161       235 (-0.021667300513764236464,0)
      161       237 (-0.017654074645492096041,0)
      162        28 (-0.02219357821687722998,0)
      162        29 (-0.023464236956569926862,0)
      162       116 (-0.019897173281412595253,0)
      162       147 (-0.018727116821525346263,0)
      162       162 (-0.13264728252389457186,0)
      162       189 (-0.01702885007144661067,0)
      162       257 (-0.017835521658994622773,0)
      162       279 (-0.013500805517068245262,0)
      163        11 (-0.011836110695710066326,0)
      163        78 (-0.011055350559629445462,0)
      163        79 (-0.0091382403655914032359,0)
      163       107 (-0.0092629510506517243051,0)
      163       163 (-0.058913083951745132127,0)
      163       186 (-0.0087484446680873607927,0)
      163       238 (-0.0088719866120751441491,0)
      164        84 (-0.023059501264743802879,0)
      164        85 (-0.021995568588042760383,0)
      164        97 (-0.03351934609585271313,0)
      164       128 (-0.027333329417267002159,0)
      164       132 (-0.026489555678684405249,0)
      164       164 (-0.17265189002545050512,0)
      164       273 (-0.021031272502661443879,0)
      164       284 (-0.019223316478198422541,0)
      165        57 (-0.022638073842803807523,0)
      165        58 (-0.027437868754561212797,0)
      165        98 (-0.022335018119085774113,0)
      165       134 (-0.028234900236327985235,0)
      165       165 (-0.13292802160125136157,0)
      165       268 (-0.016691123926978707753,0)
      165       290 (-0.015591036721493908845,0)
      166        48 (-0.025045334217758122991,0)
      166        49 (-0.022566413602486387613,0)
      166       101 (-0.015745958368897170626,0)
      166       110 (-0.015406426394570595789,0)
      166       166 (-0.13104768487659063103,0)
      166       199 (-0.021865816645367613241,0)
      166       252 (-0.018988795759507348659,0)
      166       271 (-0.011428939888003416397,0)
      167        43 (-0.023457595921007073914,0)
      167        44 (-0.022716058387003607022,0)
      167       103 (-0.022241379092219241281,0)
      167       114 (-0.020265849284066262542,0)
      167       167 (-0.1517490275882955042,0)
      167       177 (-0.023910552626962087996,0)
      167       200 (-0.019747825414273098565,0)
      167       243 (-0.019409766862764195328,0)
      168        51 (-0.030964282240255380785,0)
      168        52 (-0.024956761176572216099,0)
      168        89 (-0.023304957215595032555,0)
      168       118 (-0.021056934335882810522,0)
      168       158 (-0.028612162471928222207,0)
      168       168 (-0.17202364511296450167,0)
      168       210 (-0.023210339829656173594,0)
      168       244 (-0.019918207843074704072,0)
      169        39 (-0.030578976373842686742,0)
      169        40 (-0.025112115058010413271,0)
      169       102 (-0.023345515217290745136,0)
      169       113 (-0.017844489499348491213,0)
      169       169 (-0.16570649451195471058,0)
      169       176 (-0.020760860755828319107,0)
      169       201 (-0.028345146256400128443,0)
      169       245 (-0.019719391351233985649,0)
      170         3 (-0.026200288836520459201,0)
      170        41 (-0.025409734029691440071,0)
      170        42 (-0.025531513194665744065,0)
      170       113 (-0.021437792616002149249,0)
      170       114 (-0.020761140539590862419,0)
      170       170 (-0.18628036075990031528,0)
      170       192 (-0.022162144521246887607,0)
      170       243 (-0.022142509212135955826,0)
      170       245 (-0.022635237810046875823,0)
      171        67 (-0.013886617026653417725,0)
      171       104 (-0.018846228754046866205,0)
      171       126 (-0.013510358657637201729,0)
      171       171 (-0.11097890116954331474,0)
      171       209 (-0.020049989286932641541,0)
      171       220 (-0.01530079695170389123,0)
      171       265 (-0.013291513364006626516,0)
      171       285 (-0.016093397128562687143,0)
      172        77 (-0.0092223692833460820667,0)
      172        78 (-0.0091460803278272488626,0)
      172       100 (-0.016679537011856128415,0)
      172       139 (-0.013985244882653792911,0)
      172       141 (-0.014009879822181251288,0)
      172       172 (-0.083253184710359667831,0)
      172       238 (-0.010065957669827190618,0)
      172       261 (-0.010144115712667975404,0)
      173        91 (-0.012784580206010334041,0)
      173        96 (-0.02076864965432205154,0)
      173       131 (-0.021702389681614545069,0)
      173       148 (-0.014887313186673356569,0)
      173       173 (-0.098748566148596436665,0)
      173       254 (-0.017360480425590605474,0)
      173       258 (-0.011245152994385571726,0)
      174        22 (-0.026956912251885047083,0)
      174        23 (-0.020969919525104428748,0)
      174       117 (-0.016048032623620544362,0)
      174       152 (-0.025843014377505746371,0)
      174       174 (-0.12572193305246140427,0)
      174       237 (-0.017984530395343378134,0)
      174       282 (-0.017919523879002287325,0)
      175        17 (-0.013724168952397409332,0)
      175        80 (-0.017230192255225887377,0)
      175       119 (-0.011059346444662677619,0)
      175       150 (-0.016266424346599736572,0)
      175       175 (-0.082099879487319629701,0)
      175       193 (-0.010111118847135818627,0)
      175       286 (-0.013708628641298103643,0)
      176        87 (-0.017682599492394035501,0)
      176       102 (-0.020350423445534601696,0)
      176       113 (-0.017498087256885903884,0)
      176       169 (-0.020760860755828319107,0)
      176       176 (-0.11106222038962905441,0)
      176       192 (-0.017339266704340813852,0)
      176       247 (-0.017430982734645404653,0)
      177        87 (-0.020767435163284591465,0)
      177       103 (-0.019121564948598960415,0)
      177       114 (-0.020709007479766356613,0)
      177       167 (-0.023910552626962087996,0)
      177       177 (-0.13660337447661585752,0)
      177       192 (-0.0193782581440762533,0)
      177       228 (-0.018294554693471989232,0)
      177       267 (-0.014422001420455649728,0)
      178        10 (-0.011981589943239282642,0)
      178        15 (-0.010372234368299700774,0)
      178        77 (-0.0098652912346476381161,0)
      178       109 (-0.0088879722707118254121,0)
      178       178 (-0.058250995747318311258,0)
      178       240 (-0.0092520795236407660234,0)
      178       261 (-0.0078918284067791121678,0)
      179        87 (-0.016126759986597301311,0)
      179       100 (-0.013954663219518503164,0)
      179       121 (-0.009957509200570768132,0)
      179       179 (-0.080077864813373103581,0)
      179       227 (-0.010118700354780164885,0)
      179       228 (-0.016666760123125349408,0)
      179       247 (-0.013253471928781047906,0)
      180        88 (-0.012217579728460993896,0)
      180       101 (-0.017863330172678028307,0)
      180       137 (-0.01726179769373265005,0)
      180       142 (-0.015093636233322682907,0)
      180       180 (-0.089146027311032632889,0)
      180       248 (-0.01169347348175075671,0)
      180       276 (-0.015016210001087534898,0)
      181        91 (-0.012497706515828269774,0)
      181       109 (-0.015131286981844290634,0)
      181       121 (-0.012499342928688516804,0)
      181       141 (-0.014191014066086292747,0)
      181       181 (-0.091787870177083924483,0)
      181       190 (-0.01398295204803051521,0)
      181       227 (-0.011057599761162887481,0)
      181       258 (-0.012427967875443153567,0)
      182        25 (-0.025577356560892314241,0)
      182        26 (-0.022484165714400195651,0)
      182        99 (-0.020200621352451385987,0)
      182       123 (-0.015687247583455965483,0)
      182       161 (-0.025200786225238493848,0)
      182       182 (-0.14214411011595845524,0)
      182       269 (-0.018257564991152854667,0)
      182       287 (-0.014736367688367262713,0)
      183        16 (-0.013534568393293745087,0)
      183       101 (-0.013959821875634235988,0)
      183       110 (-0.011477333240762329497,0)
      183       142 (-0.016127735970119912168,0)
      183       183 (-0.077943447019380607266,0)
      183       234 (-0.012244568489403428319,0)
      183       271 (-0.010599419050166966616,0)
      184        88 (-0.012498227031238078738,0)
      184       103 (-0.018350458806795439531,0)
      184       120 (-0.010985139214858717291,0)
      184       136 (-0.022140216404218149293,0)
      184       184 (-0.10531739110351708011,0)
      184       267 (-0.013073365003361932246,0)
      184       275 (-0.010078711399671317489,0)
      184       276 (-0.018191273243373468071,0)
      185        88 (-0.0094220494091388252988,0)
      185       107 (-0.011865042952573571361,0)
      185       139 (-0.012334482730625812366,0)
      185       185 (-0.065041414914436504469,0)
      185       211 (-0.011233615095505865983,0)
      185       248 (-0.009939441349994465949,0)
      185       275 (-0.010246783376597977389,0)
      186        16 (-0.010536617746783362437,0)
      186        79 (-0.0085016290093108785875,0)
      186       107 (-0.011174572643392582938,0)
      186       142 (-0.012788635157926490915,0)
      186       163 (-0.0087484446680873607927,0)
      186       186 (-0.051749899225500661792,0)
      187        14 (-0.010866122443946621412,0)
      187       108 (-0.011505144698842031253,0)
      187       187 (-0.053585498221333911772,0)
      187       191 (-0.012538876558039823567,0)
      187       221 (-0.0096429827541772150656,0)
      187       242 (-0.0090323717663282222096,0)
      188        34 (-0.024248344095375476415,0)
      188        35 (-0.023438593614342001503,0)
      188        96 (-0.024768875690215873264,0)
      188       131 (-0.024371510439422060246,0)
      188       143 (-0.02553155171868081233,0)
      188       188 (-0.12235887555803619253,0)
      189         2 (-0.019344854691581137712,0)
      189        29 (-0.021970099718280955425,0)
      189       105 (-0.016989187126829365798,0)
      189       162 (-0.01702885007144661067,0)
      189       189 (-0.10672578377971418673,0)
      189       272 (-0.018225169450062493615,0)
      189       279 (-0.013167622721513665141,0)
      190        91 (-0.013917938479473574917,0)
      190       102 (-0.022974460357385036863,0)
      190       121 (-0.013963533797574935111,0)
      190       138 (-0.022790359488713607394,0)
      190       181 (-0.013982952048030516945,0)
      190       190 (-0.12191584951122318159,0)
      190       247 (-0.017042284957717913213,0)
      190       254 (-0.017244320382327631841,0)
      191        14 (-0.015686349397145922524,0)
      191       106 (-0.019409214359132391514,0)
      191       108 (-0.015661205894983119824,0)
      191       156 (-0.019323657402197456923,0)
      191       187 (-0.012538876558039823567,0)
      191       191 (-0.10151353930252285385,0)
      191       196 (-0.018894235691024149904,0)
      192        87 (-0.019227103877535511867,0)
      192       113 (-0.019431291743543611938,0)
      192       114 (-0.020221273748584824015,0)
      192       170 (-0.022162144521246887607,0)
      192       176 (-0.017339266704340813852,0)
      192       177 (-0.0193782581440762533,0)
      192       192 (-0.11775933873932786788,0)
      193        16 (-0.010252107723745624082,0)
      193        17 (-0.010481530323135458682,0)
      193       119 (-0.0084312931350796066488,0)
      193       175 (-0.010111118847135818627,0)
      193       193 (-0.048080445884360882569,0)
      193       234 (-0.0088043958552643797333,0)
      194        72 (-0.018293840154881911564,0)
      194       105 (-0.022333006195407748007,0)
      194       125 (-0.021701018453237144734,0)
      194       147 (-0.020192779195964259686,0)
      194       194 (-0.14114908670087222831,0)
      194       198 (-0.02187169268002996797,0)
      194       206 (-0.020576012786150968403,0)
      194       281 (-0.016180737235200262636,0)
      195        19 (-0.022951574888988107714,0)
      195        20 (-0.024354520282504652645,0)
      195       111 (-0.017133387756913004418,0)
      195       124 (-0.017169580001757545756,0)
      195       195 (-0.13669291395777793952,0)
      195       215 (-0.018052789668558163333,0)
      195       222 (-0.019826083598944804764,0)
      195       277 (-0.017204977760111702517,0)
      196        94 (-0.020923736616104325614,0)
      196       106 (-0.020600344718821272938,0)
      196       108 (-0.016540702457307557283,0)
      196       149 (-0.023578388980190760627,0)
      196       191 (-0.018894235691024149904,0)
      196       196 (-0.11612956758446628391,0)
      196       270 (-0.01559215912101824357,0)
      197         6 (-0.018989135201623631721,0)
      197        99 (-0.020523029271033818577,0)
      197       127 (-0.01455516514210518017,0)
      197       130 (-0.017472254590677450958,0)
      197       197 (-0.12359438161675037615,0)
      197       235 (-0.018856381143659790844,0)
      197       262 (-0.015129011855990017951,0)
      197       274 (-0.018069404411660494603,0)
      198        94 (-0.018722437633795892264,0)
      198       105 (-0.021498895257248292617,0)
      198       125 (-0.01848666437536258117,0)
      198       146 (-0.021512453664243799678,0)
      198       194 (-0.02187169268002996797,0)
      198       198 (-0.11741599453281348353,0)
      198       278 (-0.015323850922132991464,0)
      199        47 (-0.022291099039111944569,0)
      199        48 (-0.022837640815311581466,0)
      199       101 (-0.01899221265907674594,0)
      199       137 (-0.020189942382191850001,0)
      199       166 (-0.021865816645367613241,0)
      199       199 (-0.10617671154105970399,0)
      200        44 (-0.01994222310011211502,0)
      200        45 (-0.020452488596799128784,0)
      200       103 (-0.020469125331495755665,0)
      200       136 (-0.021050944407620099386,0)
      200       167 (-0.019747825414273098565,0)
      200       200 (-0.10166260685030015232,0)
      201        37 (-0.0257165122105773164,0)
      201        38 (-0.024029287211487566911,0)
      201        39 (-0.028533375714405791179,0)
      201       102 (-0.021955531779508243029,0)
      201       138 (-0.023830986236603658723,0)
      201       169 (-0.028345146256400124973,0)
      201       201 (-0.15241083940898267346,0)
      202        32 (-0.02268738301717250494,0)
      202        33 (-0.022662459925946943501,0)
      202       106 (-0.02358485034043874759,0)
      202       143 (-0.0241015762577232312,0)
      202       149 (-0.023910521387879645622,0)
      202       202 (-0.11694679092916104857,0)
      203        92 (-0.017094803272379617554,0)
      203       117 (-0.016061907242405637497,0)
      203       127 (-0.017178085539816045219,0)
      203       144 (-0.019469921319087819811,0)
      203       203 (-0.10066959210920257972,0)
      203       235 (-0.016794244800467657275,0)
      203       282 (-0.014070629935045819714,0)
      204        63 (-0.020812182177306785824,0)
      204        64 (-0.023064690440365277768,0)
      204       112 (-0.016531353545614448086,0)
      204       140 (-0.02330596502069469389,0)
      204       204 (-0.12129900148723182784,0)
      204       213 (-0.020976325266983925077,0)
      204       217 (-0.016608485036266724955,0)
      205        27 (-0.018490527332091239582,0)
      205       116 (-0.01571186377425885794,0)
      205       123 (-0.014817385198695517262,0)
      205       205 (-0.098039552610091201812,0)
      205       226 (-0.016469315629690724906,0)
      205       257 (-0.016889979997938280032,0)
      205       269 (-0.015660480677416595968,0)
      206         7 (-0.019818934514000408065,0)
      206        72 (-0.020998548346610780568,0)
      206        73 (-0.016238412147865886881,0)
      206       125 (-0.017516430149234395175,0)
      206       194 (-0.020576012786150968403,0)
      206       206 (-0.10950678128742209749,0)
      206       246 (-0.014358443343559680952,0)
      207        70 (-0.015624365126893063199,0)
      207       123 (-0.014458619206244851738,0)
      207       130 (-0.01331871307577438962,0)
      207       207 (-0.086803394817824605645,0)
      207       226 (-0.016379557874785080629,0)
      207       256 (-0.014572289529882404002,0)
      207       287 (-0.012449850004244814722,0)
      208        59 (-0.021964866620273307968,0)
      208        60 (-0.022958045657721776189,0)
      208       133 (-0.019318801400086162146,0)
      208       134 (-0.019245687666300522606,0)
      208       208 (-0.099909382787995715258,0)
      208       264 (-0.016421981443613981044,0)
      209        93 (-0.015734833834473896386,0)
      209       104 (-0.020191119781152337687,0)
      209       133 (-0.018065849279486571183,0)
      209       171 (-0.020049989286932641541,0)
      209       209 (-0.1264760980830939574,0)
      209       264 (-0.01921551688626680493,0)
      209       283 (-0.016342573750567308821,0)
      209       285 (-0.016876215264214410733,0)
      210        89 (-0.02028803228548490753,0)
      210       118 (-0.022450275946437173863,0)
      210       122 (-0.023233746619555628588,0)
      210       150 (-0.021907064727905184442,0)
      210       168 (-0.023210339829656173594,0)
      210       210 (-0.15115473848500998733,0)
      210       229 (-0.021557896971557747451,0)
      210       286 (-0.018507382104413185736,0)
      211       100 (-0.01403809162758734401,0)
      211       120 (-0.0098178706466071873071,0)
      211       139 (-0.011885777205418647517,0)
      211       185 (-0.011233615095505865983,0)
      211       211 (-0.070179154739400770313,0)
      211       228 (-0.012832088182754221653,0)
      211       275 (-0.01037171198152752466,0)
      212         5 (-0.011569645187371482842,0)
      212       115 (-0.01386302908511398424,0)
      212       126 (-0.010687079776199148728,0)
      212       212 (-0.072239508097369217743,0)
      212       255 (-0.014052991666288979639,0)
      212       260 (-0.011534064682126978288,0)
      212       265 (-0.010532697700268650945,0)
      213        90 (-0.024970857602060463065,0)
      213       112 (-0.016623022978566676794,0)
      213       140 (-0.023570704787236329558,0)
      213       145 (-0.024074377226449734934,0)
      213       204 (-0.020976325266983925077,0)
      213       213 (-0.15114507136948765464,0)
      213       233 (-0.017936370536147050458,0)
      213       259 (-0.022993412972043499043,0)
      214        13 (-0.022204094056338184726,0)
      214        86 (-0.018608622954003582739,0)
      214        98 (-0.02625594093311223523,0)
      214       132 (-0.021526968408984485659,0)
      214       154 (-0.023672212692881028362,0)
      214       214 (-0.12761560811173816576,0)
      214       284 (-0.015347769066418675069,0)
      215        90 (-0.019794883779611562036,0)
      215       111 (-0.018320511751310275539,0)
      215       124 (-0.016924566686082220812,0)
      215       159 (-0.020345368261158323225,0)
      215       195 (-0.018052789668558159863,0)
      215       215 (-0.11007992443400808902,0)
      215       259 (-0.016641804287287571829,0)
      216        98 (-0.022632129124589082936,0)
      216       104 (-0.014687388592481954996,0)
      216       134 (-0.020417986491080002132,0)
      216       154 (-0.018536857972215034507,0)
      216       216 (-0.092044441229653384262,0)
      216       264 (-0.015770079049287323569,0)
      217        62 (-0.020502984703693133417,0)
      217        63 (-0.01870618096855454493,0)
      217       112 (-0.015584216514795743921,0)
      217       153 (-0.019116003713572159162,0)
      217       204 (-0.016608485036266724955,0)
      217       217 (-0.090517870936882294242,0)
      218         1 (-0.023964513764926986122,0)
      218        18 (-0.021465594442462654357,0)
      218        65 (-0.027989541266210522102,0)
      218       124 (-0.01456705630113712055,0)
      218       140 (-0.02691570649709171259,0)
      218       218 (-0.15035558300450513336,0)
      218       259 (-0.018638148183919719947,0)
      218       277 (-0.016815022548756455856,0)
      219        36 (-0.020356260398652639698,0)
      219        37 (-0.021081583717256546784,0)
      219       131 (-0.018018688399245429838,0)
      219       138 (-0.017927892999359842235,0)
      219       219 (-0.092349504196350462593,0)
      219       254 (-0.01496507868183601965,0)
      220        13 (-0.016079665173582405324,0)
      220        67 (-0.014698447694259937635,0)
      220       104 (-0.016246425673017435287,0)
      220       154 (-0.0168434688769469737,0)
      220       171 (-0.015300796951703892965,0)
      220       220 (-0.079168804369510625829,0)
      221         8 (-0.0095722361368881167532,0)
      221        75 (-0.014806014717111340082,0)
      221       108 (-0.014194074826041989251,0)
      221       151 (-0.017674704552223172854,0)
      221       187 (-0.0096429827541772150656,0)
      221       221 (-0.073779846886577002407,0)
      221       242 (-0.0078898339001351701361,0)
      222        20 (-0.021515525673535831896,0)
      222        21 (-0.022714974527370972168,0)
      222       111 (-0.019772957477396151116,0)
      222       152 (-0.023330151394747165872,0)
      222       195 (-0.019826083598944804764,0)
      222       222 (-0.107159692671994905,0)
      223        97 (-0.025203221668182694548,0)
      223        98 (-0.017170677492814451215,0)
      223       132 (-0.023521012356314041636,0)
      223       135 (-0.017972607684015623475,0)
      223       223 (-0.097308330323960953723,0)
      223       290 (-0.013440811122634156727,0)
      224        95 (-0.018882993011327356414,0)
      224        97 (-0.02798699221419214539,0)
      224       128 (-0.025678945117483760463,0)
      224       129 (-0.020580196860623352351,0)
      224       224 (-0.10861288921380417294,0)
      224       266 (-0.015483762010177596485,0)
      225        14 (-0.014554703810538941952,0)
      225        15 (-0.011324701229096623134,0)
      225       148 (-0.011032426257428146199,0)
      225       156 (-0.013480486413127070605,0)
      225       225 (-0.07167522779930365906,0)
      225       240 (-0.011242620946955860992,0)
      225       289 (-0.010040289142157030056,0)
      226        70 (-0.017775918587277686478,0)
      226       116 (-0.015883258770147175992,0)
      226       123 (-0.016632551965665976629,0)
      226       205 (-0.016469315629690721436,0)
      226       207 (-0.016379557874785080629,0)
      226       226 (-0.10058345864618165044,0)
      226       251 (-0.017442855818615030095,0)
      227       100 (-0.010720225616718910208,0)
      227       121 (-0.0098628330985774340794,0)
      227       141 (-0.010937955923715065448,0)
      227       179 (-0.010118700354780164885,0)
      227       181 (-0.011057599761162887481,0)
      227       227 (-0.052697314754954455163,0)
      228        87 (-0.018850840305605527647,0)
      228       100 (-0.016198429950248047215,0)
      228       120 (-0.0098889880406057215079,0)
      228       177 (-0.018294554693471989232,0)
      228       179 (-0.016666760123125349408,0)
      228       211 (-0.012832088182754221653,0)
      228       228 (-0.10528387588623466797,0)
      228       267 (-0.012552214590423816515,0)
      229        95 (-0.026189936214673768811,0)
      229       118 (-0.02309957783810597659,0)
      229       122 (-0.026080485686515279126,0)
      229       155 (-0.025455808184429877528,0)
      229       157 (-0.028356294583307399548,0)
      229       210 (-0.021557896971557747451,0)
      229       229 (-0.15073999947859004211,0)
      230         4 (-0.023545307843301773593,0)
      230        54 (-0.019575316672128147133,0)
      230       129 (-0.0163452918642725889,0)
      230       155 (-0.022051957074036919459,0)
      230       230 (-0.11594513122087529711,0)
      230       253 (-0.017142348734176166003,0)
      230       266 (-0.017284909032959705488,0)
      231        60 (-0.022541720415656017751,0)
      231        61 (-0.02097691547061616632,0)
      231       133 (-0.017583868854317973029,0)
      231       153 (-0.017329822152398574597,0)
      231       231 (-0.092078976726952532772,0)
      231       283 (-0.01364664983396382536,0)
      232        30 (-0.020029091096776273362,0)
      232        31 (-0.020261684312880869074,0)
      232        94 (-0.02272093420059375507,0)
      232       146 (-0.020478057243191818276,0)
      232       149 (-0.022979530665221119257,0)
      232       232 (-0.10646929751866379688,0)
      233        93 (-0.017549066457419458531,0)
      233       112 (-0.016111331393511958698,0)
      233       145 (-0.01872915765206297628,0)
      233       153 (-0.017810770296482147934,0)
      233       213 (-0.017936370536147050458,0)
      233       233 (-0.088136696335623571086,0)
      234        16 (-0.011167144431881232541,0)
      234       110 (-0.01276486849108534119,0)
      234       119 (-0.0084288702983051667916,0)
      234       183 (-0.012244568489403428319,0)
      234       193 (-0.0088043958552643797333,0)
      234       234 (-0.064721766442543474107,0)
      234       263 (-0.011311918876603929002,0)
      235        99 (-0.021304681688841878295,0)
      235       117 (-0.020050793917764500596,0)
      235       127 (-0.015962450851285309161,0)
      235       161 (-0.021667300513764236464,0)
      235       197 (-0.018856381143659790844,0)
      235       203 (-0.016794244800467657275,0)
      235       235 (-0.11463585291578334835,0)
      236        90 (-0.01764332309067537588,0)
      236       115 (-0.014507819330793791587,0)
      236       145 (-0.014954369065889630899,0)
      236       159 (-0.018090221884546110048,0)
      236       236 (-0.076997943016528819227,0)
      236       260 (-0.01180220964462392122,0)
      237        23 (-0.01857025161998257512,0)
      237        24 (-0.017891152109481146815,0)
      237       117 (-0.017316120491728703712,0)
      237       161 (-0.017654074645492096041,0)
      237       174 (-0.017984530395343374665,0)
      237       237 (-0.089416129262027882474,0)
      238        78 (-0.0086028193739350992952,0)
      238       107 (-0.0098033208218123880223,0)
      238       139 (-0.010781914519502118488,0)
      238       163 (-0.0088719866120751441491,0)
      238       172 (-0.010065957669827190618,0)
      238       238 (-0.048125998997151933634,0)
      239        92 (-0.015415947892268480612,0)
      239       111 (-0.018206802490596009358,0)
      239       152 (-0.018210463269186970975,0)
      239       159 (-0.017422980024055255421,0)
      239       239 (-0.084950118491973342083,0)
      239       249 (-0.015693924815866636124,0)
      240        15 (-0.0095847188879535256956,0)
      240       109 (-0.010110127700240657128,0)
      240       148 (-0.011713544725610080047,0)
      240       178 (-0.0092520795236407660234,0)
      240       225 (-0.011242620946955862726,0)
      240       240 (-0.051903091784400876008,0)
      241        81 (-0.014503260249076962637,0)
      241        82 (-0.019472179895364788438,0)
      241       122 (-0.018918436011996692114,0)
      241       157 (-0.022561291249942039966,0)
      241       241 (-0.088795174664703768741,0)
      241       288 (-0.013340007258323301198,0)
      242         8 (-0.0053141596240401049039,0)
      242         9 (-0.0079126181523979932653,0)
      242        14 (-0.010677700268507769876,0)
      242        76 (-0.0036916153741233825349,0)
      242       187 (-0.0090323717663282222096,0)
      242       221 (-0.0078898339001351718708,0)
      242       242 (-0.04451829908553262688,0)
      243        42 (-0.022006934208074199061,0)
      243        43 (-0.020257216845408564099,0)
      243       114 (-0.018500104650517164295,0)
      243       167 (-0.019409766862764195328,0)
      243       170 (-0.022142509212135955826,0)
      243       243 (-0.10231653177890004391,0)
      244        52 (-0.019925741350530479928,0)
      244        53 (-0.021293696746473914777,0)
      244       118 (-0.020174783581533448085,0)
      244       155 (-0.022995828663900291788,0)
      244       168 (-0.019918207843074704072,0)
      244       244 (-0.10430825818551281436,0)
      245        40 (-0.020453806633553974631,0)
      245        41 (-0.021709554462370918293,0)
      245       113 (-0.018930349001472987491,0)
      245       169 (-0.019719391351233985649,0)
      245       170 (-0.022635237810046875823,0)
      245       245 (-0.1034483392586787176,0)
      246        73 (-0.014113483879272623045,0)
      246        74 (-0.015392190926768059903,0)
      246       125 (-0.016164501387733731796,0)
      246       151 (-0.017201254119440047285,0)
      246       206 (-0.014358443343559680952,0)
      246       246 (-0.077229873656774125634,0)
      247        87 (-0.016498850459134871416,0)
      247       102 (-0.019085019993165735358,0)
      247       121 (-0.012142869168843752059,0)
      247       176 (-0.017430982734645404653,0)
      247       179 (-0.013253471928781047906,0)
      247       190 (-0.017042284957717909744,0)
      247       247 (-0.095453479242288696849,0)
      248        88 (-0.0098505421384740832202,0)
      248       107 (-0.012485501535306472304,0)
      248       142 (-0.013928112457190940793,0)
      248       180 (-0.01169347348175075671,0)
      248       185 (-0.0099394413499944642143,0)
      248       248 (-0.057897070962716699893,0)
      249        92 (-0.013617975079023438012,0)
      249       115 (-0.015734083983147694602,0)
      249       144 (-0.013955987876581133628,0)
      249       159 (-0.017406764095967731942,0)
      249       239 (-0.015693924815866636124,0)
      249       249 (-0.076408735850586620431,0)
      250        46 (-0.018250917777059311176,0)
      250        47 (-0.018943150183557445898,0)
      250       136 (-0.018542513403850994363,0)
      250       137 (-0.016828050786006940737,0)
      250       250 (-0.089058819423336543775,0)
      250       276 (-0.016494187272861872418,0)
      251        70 (-0.018752421317261080275,0)
      251        71 (-0.015379734765956394604,0)
      251       116 (-0.014498491662970600796,0)
      251       147 (-0.013476315032151962511,0)
      251       226 (-0.017442855818615030095,0)
      251       251 (-0.092597811233446736257,0)
      251       281 (-0.013047992636491704405,0)
      252        49 (-0.019333791527566916713,0)
      252        50 (-0.019276465520039039181,0)
      252       110 (-0.020225217408474528702,0)
      252       158 (-0.019831342555578189424,0)
      252       166 (-0.018988795759507348659,0)
      252       252 (-0.097655612771165994923,0)
      253        54 (-0.017953027995283990514,0)
      253        55 (-0.019047275026330440229,0)
      253       129 (-0.016634502789082759866,0)
      253       160 (-0.017854482959735823444,0)
      253       230 (-0.017142348734176166003,0)
      253       253 (-0.088631637504609159239,0)
      254        91 (-0.014704861528654271027,0)
      254       131 (-0.017688545858248659604,0)
      254       138 (-0.017176472102851326335,0)
      254       173 (-0.017360480425590605474,0)
      254       190 (-0.017244320382327631841,0)
      254       219 (-0.01496507868183601965,0)
      254       254 (-0.099139758979508482706,0)
      255         5 (-0.013113289740793962826,0)
      255        66 (-0.013650398713632376502,0)
      255       115 (-0.017077551489623164771,0)
      255       144 (-0.016317308795707759217,0)
      255       212 (-0.014052991666288979639,0)
      255       255 (-0.088041398351258223776,0)
      255       274 (-0.013829857945211986026,0)
      256        68 (-0.014785362816832809535,0)
      256        69 (-0.015932406255678783352,0)
      256        70 (-0.015834274072722191729,0)
      256       130 (-0.01302720917467523401,0)
      256       207 (-0.014572289529882404002,0)
      256       256 (-0.087293692128460442792,0)
      256       262 (-0.01314215027866904445,0)
      257        27 (-0.018840592880305605944,0)
      257        28 (-0.018786816342440001287,0)
      257       116 (-0.015748874105274271451,0)
      257       162 (-0.017835521658994622773,0)
      257       205 (-0.016889979997938280032,0)
      257       257 (-0.088101784984952746793,0)
      258        91 (-0.010944143236009895581,0)
      258       109 (-0.013286584535585847094,0)
      258       148 (-0.012603819013526893628,0)
      258       173 (-0.011245152994385571726,0)
      258       181 (-0.012427967875443153567,0)
      258       258 (-0.060507667654951358127,0)
      259        90 (-0.020675239473056078454,0)
      259       124 (-0.014753544198200022747,0)
      259       140 (-0.022844581771994693087,0)
      259       213 (-0.022993412972043499043,0)
      259       215 (-0.016641804287287571829,0)
      259       218 (-0.018638148183919719947,0)
      259       259 (-0.11654673088650155388,0)
      260       115 (-0.011463235205632076041,0)
      260       126 (-0.0129767204594219282,0)
      260       145 (-0.01379933951189359076,0)
      260       212 (-0.011534064682126976553,0)
      260       236 (-0.01180220964462392122,0)
      260       260 (-0.061575569503698489304,0)
      261        77 (-0.0081425257372216702789,0)
      261       109 (-0.0093155155743017345471,0)
      261       141 (-0.010739553972377181151,0)
      261       172 (-0.010144115712667975404,0)
      261       178 (-0.0078918284067791121678,0)
      261       261 (-0.046233539403347657937,0)
      262         6 (-0.014804941546907254141,0)
      262        68 (-0.014347892109240097114,0)
      262       130 (-0.013929910247571317822,0)
      262       197 (-0.015129011855990017951,0)
      262       256 (-0.01314215027866904445,0)
      262       262 (-0.071353906038377712395,0)
      263        89 (-0.015574663813638957299,0)
      263       110 (-0.016728273017646438231,0)
      263       119 (-0.01013360273261092355,0)
      263       158 (-0.019158775792356572132,0)
      263       234 (-0.011311918876603929002,0)
      263       263 (-0.084873079127792613874,0)
      263       286 (-0.011965844894935812742,0)
      264       104 (-0.016454752792185542432,0)
      264       133 (-0.017579098315588504581,0)
      264       134 (-0.017373726271394066001,0)
      264       208 (-0.016421981443613981044,0)
      264       209 (-0.01921551688626680493,0)
      264       216 (-0.015770079049287323569,0)
      264       264 (-0.10281515475833620521,0)
      265         5 (-0.011286476264072559106,0)
      265        67 (-0.012543953994177407113,0)
      265       126 (-0.011825077417384262379,0)
      265       171 (-0.013291513364006626516,0)
      265       212 (-0.01053269770026864921,0)
      265       265 (-0.059479718739909495651,0)
      266        95 (-0.018616934532861669632,0)
      266       129 (-0.015273443448370413109,0)
      266       155 (-0.020017556870038567818,0)
      266       224 (-0.015483762010177596485,0)
      266       230 (-0.017284909032959705488,0)
      266       266 (-0.086676605894407954267,0)
      267       103 (-0.013753434675241215518,0)
      267       120 (-0.010886787045684102535,0)
      267       177 (-0.014422001420455646259,0)
      267       184 (-0.013073365003361932246,0)
      267       228 (-0.012552214590423816515,0)
      267       267 (-0.06468780273516669399,0)
      268        56 (-0.017844577156602602769,0)
      268        57 (-0.019698862360859093618,0)
      268       135 (-0.013677229437883239166,0)
      268       165 (-0.016691123926978707753,0)
      268       268 (-0.096425861042929064681,0)
      268       280 (-0.014822392574964340234,0)
      268       290 (-0.013691675585641107163,0)
      269        26 (-0.019025897492447426534,0)
      269        27 (-0.018394393218596972323,0)
      269       123 (-0.015335890820060761944,0)
      269       182 (-0.018257564991152854667,0)
      269       205 (-0.015660480677416595968,0)
      269       269 (-0.086674227199674602762,0)
      270        94 (-0.015204312462165608943,0)
      270       108 (-0.015361341467004104369,0)
      270       151 (-0.014975314900396486523,0)
      270       196 (-0.01559215912101824357,0)
      270       270 (-0.074685535674859290789,0)
      270       278 (-0.013552407724274857792,0)
      271       101 (-0.011012095146762946804,0)
      271       110 (-0.011016263791407436209,0)
      271       166 (-0.011428939888003416397,0)
      271       183 (-0.010599419050166966616,0)
      271       271 (-0.044056717876340752149,0)
      272         2 (-0.018621565787033611539,0)
      272        30 (-0.021354717028505353082,0)
      272       105 (-0.020951502080881513612,0)
      272       146 (-0.021673162312069574331,0)
      272       189 (-0.018225169450062493615,0)
      272       272 (-0.10082611665855251148,0)
      273        83 (-0.01881375364942845102,0)
      273        84 (-0.018131135244657009542,0)
      273       128 (-0.021545103574362331478,0)
      273       157 (-0.022211432133934547184,0)
      273       164 (-0.021031272502661443879,0)
      273       273 (-0.10173269710504376229,0)
      274         6 (-0.018971800567113100006,0)
      274        66 (-0.014117742229683736405,0)
      274       127 (-0.012320199175139920356,0)
      274       144 (-0.012934711046120782318,0)
      274       197 (-0.018069404411660494603,0)
      274       255 (-0.013829857945211986026,0)
      274       274 (-0.090243715374929991957,0)
      275        88 (-0.0097843132315686212608,0)
      275       120 (-0.0097243046627076279442,0)
      275       184 (-0.01007871139967131402,0)
      275       185 (-0.010246783376597977389,0)
      275       211 (-0.01037171198152752466,0)
      275       275 (-0.050205824652073058334,0)
      276        88 (-0.014503000798795183043,0)
      276       136 (-0.020275311647468347021,0)
      276       137 (-0.014923358071059343588,0)
      276       180 (-0.015016210001087536632,0)
      276       184 (-0.018191273243373468071,0)
      276       250 (-0.016494187272861872418,0)
      276       276 (-0.099403341034645723018,0)
      277        18 (-0.019213164873314744763,0)
      277        19 (-0.019171618871931760814,0)
      277       124 (-0.014600516432057595445,0)
      277       195 (-0.017204977760111702517,0)
      277       218 (-0.016815022548756452386,0)
      277       277 (-0.087005300486172235108,0)
      278        94 (-0.01509726749646248152,0)
      278       125 (-0.01561498723223289295,0)
      278       151 (-0.015390223898807399786,0)
      278       198 (-0.015323850922132993199,0)
      278       270 (-0.013552407724274857792,0)
      278       278 (-0.074978737273910606165,0)
      279       105 (-0.014648987660666008478,0)
      279       147 (-0.0149821704562205886,0)
      279       162 (-0.013500805517068245262,0)
      279       189 (-0.013167622721513665141,0)
      279       279 (-0.056299586355468493604,0)
      280        55 (-0.01984101348452340513,0)
      280        56 (-0.017341000677272191965,0)
      280       135 (-0.014499007198767639021,0)
      280       160 (-0.017546666818847075908,0)
      280       268 (-0.014822392574964338499,0)
      280       280 (-0.084050080754374617564,0)
      281        71 (-0.012777876130719881612,0)
      281        72 (-0.01418793850076496485,0)
      281       147 (-0.014770674865155177663,0)
      281       194 (-0.016180737235200262636,0)
      281       251 (-0.01304799263649170267,0)
      281       281 (-0.070965219368331972083,0)
      282        92 (-0.016510354316256040108,0)
      282       117 (-0.014718662281613691112,0)
      282       152 (-0.019949322025663664137,0)
      282       174 (-0.017919523879002287325,0)
      282       203 (-0.014070629935045819714,0)
      282       282 (-0.08316849243758148158,0)
      283        93 (-0.01678020257353925529,0)
      283       133 (-0.014405654829295327229,0)
      283       153 (-0.016154041895387730166,0)
      283       209 (-0.016342573750567308821,0)
      283       231 (-0.01364664983396382536,0)
      283       283 (-0.077329122882753426049,0)
      284        85 (-0.016562420608943539263,0)
      284        86 (-0.014802192664499518385,0)
      284       132 (-0.017444196185000981902,0)
      284       164 (-0.019223316478198422541,0)
      284       214 (-0.015347769066418675069,0)
      284       284 (-0.083379895003061116343,0)
      285        93 (-0.016599680925283234051,0)
      285       126 (-0.015085897583723278936,0)
      285       145 (-0.017208458409097782821,0)
      285       171 (-0.016093397128562687143,0)
      285       209 (-0.016876215264214410733,0)
      285       285 (-0.081863649310881386745,0)
      286        89 (-0.01548618380271694385,0)
      286       119 (-0.011686778486486828349,0)
      286       150 (-0.017008893351443333392,0)
      286       175 (-0.013708628641298105377,0)
      286       210 (-0.018507382104413185736,0)
      286       263 (-0.011965844894935812742,0)
      286       286 (-0.088363711281294179956,0)
      287        99 (-0.014876555515395420426,0)
      287       123 (-0.012994809202669585502,0)
      287       130 (-0.013668252935568746265,0)
      287       182 (-0.014736367688367262713,0)
      287       207 (-0.012449850004244812987,0)
      287       287 (-0.06872583534624580881,0)
      288        80 (-0.018081934863605278463,0)
      288        81 (-0.014670074901206170415,0)
      288       122 (-0.015491820400750970499,0)
      288       150 (-0.017577615954807609272,0)
      288       241 (-0.013340007258323301198,0)
      288       288 (-0.079161453378693319438,0)
      289        96 (-0.011668291368583712936,0)
      289       148 (-0.010365455020057106131,0)
      289       156 (-0.011343125490683635126,0)
      289       225 (-0.010040289142157030056,0)
      289       289 (-0.043417161021481472105,0)
      290        98 (-0.015599762814318796078,0)
      290       135 (-0.012820122557798515478,0)
      290       165 (-0.015591036721493907111,0)
      290       223 (-0.013440811122634154992,0)
      290       268 (-0.013691675585641108898,0)
      290       290 (-0.071143408801886465209,0)

