# Sparse Matrix (Morse)  
# first line: n m (is symmetic) nbcoef 
# after for each nonzero coefficient:   i j a_ij where (i,j) \in  {1,...,n}x{1,...,m} 
290 290 0  1858
        1         1 (0,-0.38815607654533790249)
        1        18 (0,-0.097039019435957246662)
        1        65 (0,-0.097039018836711704585)
        1       218 (0,0)
        2         2 (0,-0.39018449463046672721)
        2        29 (0,-0.09754612347297050845)
        2        30 (0,-0.097546123842262827397)
        2       189 (0,0)
        2       272 (0,0)
        3         3 (0,-0.38815607654533790249)
        3        41 (0,-0.097039018836711704585)
        3        42 (0,-0.097039019435957246662)
        3       170 (0,0)
        4         4 (0,-0.39018449463046672721)
        4        53 (0,-0.09754612347297050845)
        4        54 (0,-0.097546123842262827397)
        4       155 (0,0)
        4       230 (0,0)
        5         5 (0,0)
        5        66 (0,0)
        5        67 (0,0)
        5       212 (0,0)
        5       255 (0,0)
        5       265 (0,0)
        6         6 (0,0)
        6        66 (0,0)
        6        68 (0,0)
        6       197 (0,0)
        6       262 (0,0)
        6       274 (0,0)
        7         7 (0,0)
        7        72 (0,0)
        7        73 (0,0)
        7       206 (0,0)
        8         8 (0,0)
        8        75 (0,0)
        8        76 (0,0)
        8       221 (0,0)
        8       242 (0,0)
        9         9 (0,0)
        9        14 (0,0)
        9        76 (0,0)
        9       242 (0,0)
       10        10 (0,0)
       10        15 (0,0)
       10        77 (0,0)
       10       178 (0,0)
       11        11 (0,0)
       11        78 (0,0)
       11        79 (0,0)
       11       163 (0,0)
       12        12 (0,0)
       12        17 (0,0)
       12        80 (0,0)
       13        13 (0,0)
       13        67 (0,0)
       13        86 (0,0)
       13       154 (0,0)
       13       214 (0,0)
       13       220 (0,0)
       14         9 (0,0)
       14        14 (0,0)
       14        15 (0,0)
       14       156 (0,0)
       14       187 (0,0)
       14       191 (0,0)
       14       225 (0,0)
       14       242 (0,0)
       15        10 (0,0)
       15        14 (0,0)
       15        15 (0,0)
       15       178 (0,0)
       15       225 (0,0)
       15       240 (0,0)
       16        16 (0,0)
       16        17 (0,0)
       16        79 (0,0)
       16       142 (0,0)
       16       183 (0,0)
       16       186 (0,0)
       16       193 (0,0)
       16       234 (0,0)
       17        12 (0,0)
       17        16 (0,0)
       17        17 (0,0)
       17        80 (0,0)
       17       175 (0,0)
       17       193 (0,0)
       18         1 (0,-0.097039019435957246662)
       18        18 (0,-0.38855518025960272821)
       18        19 (0,-0.097238570693844103565)
       18       218 (0,0)
       18       277 (0,0)
       19        18 (0,-0.097238570693844103565)
       19        19 (0,-0.38926383482665494196)
       19        20 (0,-0.097393346719483381291)
       19       195 (0,0)
       19       277 (0,0)
       20        19 (0,-0.097393346719483381291)
       20        20 (0,-0.38972595111298335979)
       20        21 (0,-0.097469628837008326361)
       20       195 (0,0)
       20       222 (0,0)
       21        20 (0,-0.097469628837008326361)
       21        21 (0,-0.3899500572554849831)
       21        22 (0,-0.097505399790734151311)
       21       152 (0,0)
       21       222 (0,0)
       22        21 (0,-0.097505399790734151311)
       22        22 (0,-0.39005708036792163806)
       22        23 (0,-0.097523140393226681599)
       22       152 (0,0)
       22       174 (0,0)
       23        22 (0,-0.097523140393226681599)
       23        23 (0,-0.39011171763833185633)
       23        24 (0,-0.097532718425939232687)
       23       174 (0,0)
       23       237 (0,0)
       24        23 (0,-0.097532718425939232687)
       24        24 (0,-0.39014189361780737819)
       24        25 (0,-0.097538228382964456409)
       24       161 (0,0)
       24       237 (0,0)
       25        24 (0,-0.097538228382964456409)
       25        25 (0,-0.39015963474734582928)
       25        26 (0,-0.097541588990708416596)
       25       161 (0,0)
       25       182 (0,0)
       26        25 (0,-0.097541588990708430473)
       26        26 (0,-0.39017056078890521853)
       26        27 (0,-0.097543691403744192669)
       26       182 (0,0)
       26       269 (0,0)
       27        26 (0,-0.097543691403744192669)
       27        27 (0,-0.39017737905828825395)
       27        28 (0,-0.09754499812539992043)
       27       205 (0,0)
       27       257 (0,0)
       27       269 (0,0)
       28        27 (0,-0.09754499812539992043)
       28        28 (0,-0.3901815280189364632)
       28        29 (0,-0.097545765884068283413)
       28       162 (0,0)
       28       257 (0,0)
       29         2 (0,-0.09754612347297050845)
       29        28 (0,-0.097545765884068283413)
       29        29 (0,-0.39018377871407761148)
       29       162 (0,0)
       29       189 (0,0)
       30         2 (0,-0.097546123842262827397)
       30        30 (0,-0.39018378030652678401)
       30        31 (0,-0.09754576631100055073)
       30       146 (0,0)
       30       232 (0,0)
       30       272 (0,0)
       31        30 (0,-0.09754576631100055073)
       31        31 (0,-0.39018152975968412033)
       31        32 (0,-0.097544998568841509434)
       31       149 (0,0)
       31       232 (0,0)
       32        31 (0,-0.097544998568841509434)
       32        32 (0,-0.39017738080551866986)
       32        33 (0,-0.097543691833917811618)
       32       149 (0,0)
       32       202 (0,0)
       33        32 (0,-0.097543691833917811618)
       33        33 (0,-0.39017056254531390369)
       33        34 (0,-0.097541589438739140228)
       33       143 (0,0)
       33       202 (0,0)
       34        33 (0,-0.097541589438739140228)
       34        34 (0,-0.39015963649897628107)
       34        35 (0,-0.09753822881074898643)
       34       143 (0,0)
       34       188 (0,0)
       35        34 (0,-0.09753822881074898643)
       35        35 (0,-0.39014189543871280463)
       35        36 (0,-0.097532718908607388131)
       35       131 (0,0)
       35       188 (0,0)
       36        35 (0,-0.097532718908607388131)
       36        36 (0,-0.39011171899979979472)
       36        37 (0,-0.097523140591292481472)
       36       131 (0,0)
       36       219 (0,0)
       37        36 (0,-0.097523140591292481472)
       37        37 (0,-0.39005707948947065944)
       37        38 (0,-0.09750539915344283437)
       37       138 (0,0)
       37       201 (0,0)
       37       219 (0,0)
       38        37 (0,-0.09750539915344283437)
       38        38 (0,-0.38995005470491228561)
       38        39 (0,-0.097469628199013280678)
       38       201 (0,0)
       39        38 (0,-0.0974696281990132668)
       39        39 (0,-0.38972594845217445325)
       39        40 (0,-0.09739334602707393207)
       39       169 (0,0)
       39       201 (0,0)
       40        39 (0,-0.09739334602707393207)
       40        40 (0,-0.38926383215036541863)
       40        41 (0,-0.097238570048108791122)
       40       169 (0,0)
       40       245 (0,0)
       41         3 (0,-0.097039018836711704585)
       41        40 (0,-0.097238570048108791122)
       41        41 (0,-0.38855517776964099141)
       41       170 (0,0)
       41       245 (0,0)
       42         3 (0,-0.097039019435957246662)
       42        42 (0,-0.38855518025960272821)
       42        43 (0,-0.097238570693844103565)
       42       170 (0,0)
       42       243 (0,0)
       43        42 (0,-0.097238570693844103565)
       43        43 (0,-0.38926383482665494196)
       43        44 (0,-0.097393346719483381291)
       43       167 (0,0)
       43       243 (0,0)
       44        43 (0,-0.097393346719483381291)
       44        44 (0,-0.38972595111298335979)
       44        45 (0,-0.097469628837008326361)
       44       167 (0,0)
       44       200 (0,0)
       45        44 (0,-0.097469628837008326361)
       45        45 (0,-0.3899500572554849831)
       45        46 (0,-0.097505399790734151311)
       45       136 (0,0)
       45       200 (0,0)
       46        45 (0,-0.097505399790734151311)
       46        46 (0,-0.39005708036792163806)
       46        47 (0,-0.097523140393226681599)
       46       136 (0,0)
       46       250 (0,0)
       47        46 (0,-0.097523140393226681599)
       47        47 (0,-0.39011171763833185633)
       47        48 (0,-0.097532718425939232687)
       47       137 (0,0)
       47       199 (0,0)
       47       250 (0,0)
       48        47 (0,-0.097532718425939232687)
       48        48 (0,-0.39014189361780737819)
       48        49 (0,-0.097538228382964456409)
       48       166 (0,0)
       48       199 (0,0)
       49        48 (0,-0.097538228382964456409)
       49        49 (0,-0.39015963474734582928)
       49        50 (0,-0.097541588990708416596)
       49       166 (0,0)
       49       252 (0,0)
       50        49 (0,-0.097541588990708430473)
       50        50 (0,-0.39017056078890521853)
       50        51 (0,-0.097543691403744192669)
       50       158 (0,0)
       50       252 (0,0)
       51        50 (0,-0.097543691403744192669)
       51        51 (0,-0.39017737905828825395)
       51        52 (0,-0.09754499812539992043)
       51       158 (0,0)
       51       168 (0,0)
       52        51 (0,-0.09754499812539992043)
       52        52 (0,-0.3901815280189364632)
       52        53 (0,-0.097545765884068283413)
       52       168 (0,0)
       52       244 (0,0)
       53         4 (0,-0.09754612347297050845)
       53        52 (0,-0.097545765884068283413)
       53        53 (0,-0.39018377871407761148)
       53       155 (0,0)
       53       244 (0,0)
       54         4 (0,-0.097546123842262827397)
       54        54 (0,-0.39018378030652678401)
       54        55 (0,-0.09754576631100055073)
       54       230 (0,0)
       54       253 (0,0)
       55        54 (0,-0.09754576631100055073)
       55        55 (0,-0.39018152975968412033)
       55        56 (0,-0.097544998568841509434)
       55       160 (0,0)
       55       253 (0,0)
       55       280 (0,0)
       56        55 (0,-0.097544998568841509434)
       56        56 (0,-0.39017738080551866986)
       56        57 (0,-0.097543691833917811618)
       56       268 (0,0)
       56       280 (0,0)
       57        56 (0,-0.097543691833917811618)
       57        57 (0,-0.39017056254531390369)
       57        58 (0,-0.097541589438739140228)
       57       165 (0,0)
       57       268 (0,0)
       58        57 (0,-0.097541589438739140228)
       58        58 (0,-0.39015963649897628107)
       58        59 (0,-0.09753822881074898643)
       58       134 (0,0)
       58       165 (0,0)
       59        58 (0,-0.09753822881074898643)
       59        59 (0,-0.39014189543871280463)
       59        60 (0,-0.097532718908607388131)
       59       134 (0,0)
       59       208 (0,0)
       60        59 (0,-0.097532718908607388131)
       60        60 (0,-0.39011171899979979472)
       60        61 (0,-0.097523140591292481472)
       60       133 (0,0)
       60       208 (0,0)
       60       231 (0,0)
       61        60 (0,-0.097523140591292481472)
       61        61 (0,-0.39005707948947065944)
       61        62 (0,-0.09750539915344283437)
       61       153 (0,0)
       61       231 (0,0)
       62        61 (0,-0.09750539915344283437)
       62        62 (0,-0.38995005470491228561)
       62        63 (0,-0.097469628199013280678)
       62       153 (0,0)
       62       217 (0,0)
       63        62 (0,-0.0974696281990132668)
       63        63 (0,-0.38972594845217445325)
       63        64 (0,-0.09739334602707393207)
       63       204 (0,0)
       63       217 (0,0)
       64        63 (0,-0.09739334602707393207)
       64        64 (0,-0.38926383215036541863)
       64        65 (0,-0.097238570048108791122)
       64       140 (0,0)
       64       204 (0,0)
       65         1 (0,-0.097039018836711704585)
       65        64 (0,-0.097238570048108791122)
       65        65 (0,-0.38855517776964099141)
       65       140 (0,0)
       65       218 (0,0)
       66         5 (0,0)
       66         6 (0,0)
       66        66 (0,0)
       66       255 (0,0)
       66       274 (0,0)
       67         5 (0,0)
       67        13 (0,0)
       67        67 (0,0)
       67       171 (0,0)
       67       220 (0,0)
       67       265 (0,0)
       68         6 (0,0)
       68        68 (0,0)
       68        69 (0,0)
       68       256 (0,0)
       68       262 (0,0)
       69        68 (0,0)
       69        69 (0,0)
       69        70 (0,0)
       69       256 (0,0)
       70        69 (0,0)
       70        70 (0,0)
       70        71 (0,0)
       70       207 (0,0)
       70       226 (0,0)
       70       251 (0,0)
       70       256 (0,0)
       71        70 (0,0)
       71        71 (0,0)
       71        72 (0,0)
       71       251 (0,0)
       71       281 (0,0)
       72         7 (0,0)
       72        71 (0,0)
       72        72 (0,0)
       72       194 (0,0)
       72       206 (0,0)
       72       281 (0,0)
       73         7 (0,0)
       73        73 (0,0)
       73        74 (0,0)
       73       206 (0,0)
       73       246 (0,0)
       74        73 (0,0)
       74        74 (0,0)
       74        75 (0,0)
       74       151 (0,0)
       74       246 (0,0)
       75         8 (0,0)
       75        74 (0,0)
       75        75 (0,0)
       75       151 (0,0)
       75       221 (0,0)
       76         8 (0,0)
       76         9 (0,0)
       76        76 (0,0)
       76       242 (0,0)
       77        10 (0,0)
       77        77 (0,0)
       77        78 (0,0)
       77       172 (0,0)
       77       178 (0,0)
       77       261 (0,0)
       78        11 (0,0)
       78        77 (0,0)
       78        78 (0,0)
       78       163 (0,0)
       78       172 (0,0)
       78       238 (0,0)
       79        11 (0,0)
       79        16 (0,0)
       79        79 (0,0)
       79       163 (0,0)
       79       186 (0,0)
       80        12 (0,0)
       80        17 (0,0)
       80        80 (0,0)
       80        81 (0,0)
       80       150 (0,0)
       80       175 (0,0)
       80       288 (0,0)
       81        80 (0,0)
       81        81 (0,0)
       81        82 (0,0)
       81       241 (0,0)
       81       288 (0,0)
       82        81 (0,0)
       82        82 (0,0)
       82        83 (0,0)
       82       157 (0,0)
       82       241 (0,0)
       83        82 (0,0)
       83        83 (0,0)
       83        84 (0,0)
       83       157 (0,0)
       83       273 (0,0)
       84        83 (0,0)
       84        84 (0,0)
       84        85 (0,0)
       84       164 (0,0)
       84       273 (0,0)
       85        84 (0,0)
       85        85 (0,0)
       85        86 (0,0)
       85       164 (0,0)
       85       284 (0,0)
       86        13 (0,0)
       86        85 (0,0)
       86        86 (0,0)
       86       214 (0,0)
       86       284 (0,0)
       87        87 (0,0)
       87       176 (0,0)
       87       177 (0,0)
       87       179 (0,0)
       87       192 (0,0)
       87       228 (0,0)
       87       247 (0,0)
       88        88 (0,0)
       88       180 (0,0)
       88       184 (0,0)
       88       185 (0,0)
       88       248 (0,0)
       88       275 (0,0)
       88       276 (0,0)
       89        89 (0,0)
       89       158 (0,0)
       89       168 (0,0)
       89       210 (0,0)
       89       263 (0,0)
       89       286 (0,0)
       90        90 (0,0)
       90       145 (0,0)
       90       159 (0,0)
       90       213 (0,0)
       90       215 (0,0)
       90       236 (0,0)
       90       259 (0,0)
       91        91 (0,0)
       91       173 (0,0)
       91       181 (0,0)
       91       190 (0,0)
       91       254 (0,0)
       91       258 (0,0)
       92        92 (0,0)
       92       144 (0,0)
       92       152 (0,0)
       92       203 (0,0)
       92       239 (0,0)
       92       249 (0,0)
       92       282 (0,0)
       93        93 (0,0)
       93       145 (0,0)
       93       153 (0,0)
       93       209 (0,0)
       93       233 (0,0)
       93       283 (0,0)
       93       285 (0,0)
       94        94 (0,0)
       94       146 (0,0)
       94       149 (0,0)
       94       196 (0,0)
       94       198 (0,0)
       94       232 (0,0)
       94       270 (0,0)
       94       278 (0,0)
       95        95 (0,0)
       95       128 (0,0)
       95       155 (0,0)
       95       157 (0,0)
       95       224 (0,0)
       95       229 (0,0)
       95       266 (0,0)
       96        96 (0,0)
       96       131 (0,0)
       96       143 (0,0)
       96       148 (0,0)
       96       156 (0,0)
       96       173 (0,0)
       96       188 (0,0)
       96       289 (0,0)
       97        97 (0,0)
       97       128 (0,0)
       97       129 (0,0)
       97       132 (0,0)
       97       135 (0,0)
       97       160 (0,0)
       97       164 (0,0)
       97       223 (0,0)
       97       224 (0,0)
       98        98 (0,0)
       98       132 (0,0)
       98       134 (0,0)
       98       154 (0,0)
       98       165 (0,0)
       98       214 (0,0)
       98       216 (0,0)
       98       223 (0,0)
       98       290 (0,0)
       99        99 (0,0)
       99       130 (0,0)
       99       161 (0,0)
       99       182 (0,0)
       99       197 (0,0)
       99       235 (0,0)
       99       287 (0,0)
      100       100 (0,0)
      100       139 (0,0)
      100       141 (0,0)
      100       172 (0,0)
      100       179 (0,0)
      100       211 (0,0)
      100       227 (0,0)
      100       228 (0,0)
      101       101 (0,0)
      101       137 (0,0)
      101       142 (0,0)
      101       166 (0,0)
      101       180 (0,0)
      101       183 (0,0)
      101       199 (0,0)
      101       271 (0,0)
      102       102 (0,0)
      102       138 (0,0)
      102       169 (0,0)
      102       176 (0,0)
      102       190 (0,0)
      102       201 (0,0)
      102       247 (0,0)
      103       103 (0,0)
      103       136 (0,0)
      103       167 (0,0)
      103       177 (0,0)
      103       184 (0,0)
      103       200 (0,0)
      103       267 (0,0)
      104       104 (0,0)
      104       154 (0,0)
      104       171 (0,0)
      104       209 (0,0)
      104       216 (0,0)
      104       220 (0,0)
      104       264 (0,0)
      105       105 (0,0)
      105       146 (0,0)
      105       147 (0,0)
      105       189 (0,0)
      105       194 (0,0)
      105       198 (0,0)
      105       272 (0,0)
      105       279 (0,0)
      106       106 (0,0)
      106       143 (0,0)
      106       149 (0,0)
      106       156 (0,0)
      106       191 (0,0)
      106       196 (0,0)
      106       202 (0,0)
      107       107 (0,0)
      107       139 (0,0)
      107       142 (0,0)
      107       163 (0,0)
      107       185 (0,0)
      107       186 (0,0)
      107       238 (0,0)
      107       248 (0,0)
      108       108 (0,0)
      108       151 (0,0)
      108       187 (0,0)
      108       191 (0,0)
      108       196 (0,0)
      108       221 (0,0)
      108       270 (0,0)
      109       109 (0,0)
      109       141 (0,0)
      109       148 (0,0)
      109       178 (0,0)
      109       181 (0,0)
      109       240 (0,0)
      109       258 (0,0)
      109       261 (0,0)
      110       110 (0,0)
      110       158 (0,0)
      110       166 (0,0)
      110       183 (0,0)
      110       234 (0,0)
      110       252 (0,0)
      110       263 (0,0)
      110       271 (0,0)
      111       111 (0,0)
      111       152 (0,0)
      111       159 (0,0)
      111       195 (0,0)
      111       215 (0,0)
      111       222 (0,0)
      111       239 (0,0)
      112       112 (0,0)
      112       153 (0,0)
      112       204 (0,0)
      112       213 (0,0)
      112       217 (0,0)
      112       233 (0,0)
      113       113 (0,0)
      113       169 (0,0)
      113       170 (0,0)
      113       176 (0,0)
      113       192 (0,0)
      113       245 (0,0)
      114       114 (0,0)
      114       167 (0,0)
      114       170 (0,0)
      114       177 (0,0)
      114       192 (0,0)
      114       243 (0,0)
      115       115 (0,0)
      115       144 (0,0)
      115       159 (0,0)
      115       212 (0,0)
      115       236 (0,0)
      115       249 (0,0)
      115       255 (0,0)
      115       260 (0,0)
      116       116 (0,0)
      116       147 (0,0)
      116       162 (0,0)
      116       205 (0,0)
      116       226 (0,0)
      116       251 (0,0)
      116       257 (0,0)
      117       117 (0,0)
      117       161 (0,0)
      117       174 (0,0)
      117       203 (0,0)
      117       235 (0,0)
      117       237 (0,0)
      117       282 (0,0)
      118       118 (0,0)
      118       155 (0,0)
      118       168 (0,0)
      118       210 (0,0)
      118       229 (0,0)
      118       244 (0,0)
      119       119 (0,0)
      119       175 (0,0)
      119       193 (0,0)
      119       234 (0,0)
      119       263 (0,0)
      119       286 (0,0)
      120       120 (0,0)
      120       184 (0,0)
      120       211 (0,0)
      120       228 (0,0)
      120       267 (0,0)
      120       275 (0,0)
      121       121 (0,0)
      121       179 (0,0)
      121       181 (0,0)
      121       190 (0,0)
      121       227 (0,0)
      121       247 (0,0)
      122       122 (0,0)
      122       150 (0,0)
      122       157 (0,0)
      122       210 (0,0)
      122       229 (0,0)
      122       241 (0,0)
      122       288 (0,0)
      123       123 (0,0)
      123       182 (0,0)
      123       205 (0,0)
      123       207 (0,0)
      123       226 (0,0)
      123       269 (0,0)
      123       287 (0,0)
      124       124 (0,0)
      124       195 (0,0)
      124       215 (0,0)
      124       218 (0,0)
      124       259 (0,0)
      124       277 (0,0)
      125       125 (0,0)
      125       151 (0,0)
      125       194 (0,0)
      125       198 (0,0)
      125       206 (0,0)
      125       246 (0,0)
      125       278 (0,0)
      126       126 (0,0)
      126       145 (0,0)
      126       171 (0,0)
      126       212 (0,0)
      126       260 (0,0)
      126       265 (0,0)
      126       285 (0,0)
      127       127 (0,0)
      127       144 (0,0)
      127       197 (0,0)
      127       203 (0,0)
      127       235 (0,0)
      127       274 (0,0)
      128        95 (0,0)
      128        97 (0,0)
      128       128 (0,0)
      128       157 (0,0)
      128       164 (0,0)
      128       224 (0,0)
      128       273 (0,0)
      129        97 (0,0)
      129       129 (0,0)
      129       160 (0,0)
      129       224 (0,0)
      129       230 (0,0)
      129       253 (0,0)
      129       266 (0,0)
      130        99 (0,0)
      130       130 (0,0)
      130       197 (0,0)
      130       207 (0,0)
      130       256 (0,0)
      130       262 (0,0)
      130       287 (0,0)
      131        35 (0,0)
      131        36 (0,0)
      131        96 (0,0)
      131       131 (0,0)
      131       173 (0,0)
      131       188 (0,0)
      131       219 (0,0)
      131       254 (0,0)
      132        97 (0,0)
      132        98 (0,0)
      132       132 (0,0)
      132       164 (0,0)
      132       214 (0,0)
      132       223 (0,0)
      132       284 (0,0)
      133        60 (0,0)
      133       133 (0,0)
      133       208 (0,0)
      133       209 (0,0)
      133       231 (0,0)
      133       264 (0,0)
      133       283 (0,0)
      134        58 (0,0)
      134        59 (0,0)
      134        98 (0,0)
      134       134 (0,0)
      134       165 (0,0)
      134       208 (0,0)
      134       216 (0,0)
      134       264 (0,0)
      135        97 (0,0)
      135       135 (0,0)
      135       160 (0,0)
      135       223 (0,0)
      135       268 (0,0)
      135       280 (0,0)
      135       290 (0,0)
      136        45 (0,0)
      136        46 (0,0)
      136       103 (0,0)
      136       136 (0,0)
      136       184 (0,0)
      136       200 (0,0)
      136       250 (0,0)
      136       276 (0,0)
      137        47 (0,0)
      137       101 (0,0)
      137       137 (0,0)
      137       180 (0,0)
      137       199 (0,0)
      137       250 (0,0)
      137       276 (0,0)
      138        37 (0,0)
      138       102 (0,0)
      138       138 (0,0)
      138       190 (0,0)
      138       201 (0,0)
      138       219 (0,0)
      138       254 (0,0)
      139       100 (0,0)
      139       107 (0,0)
      139       139 (0,0)
      139       172 (0,0)
      139       185 (0,0)
      139       211 (0,0)
      139       238 (0,0)
      140        64 (0,0)
      140        65 (0,0)
      140       140 (0,0)
      140       204 (0,0)
      140       213 (0,0)
      140       218 (0,0)
      140       259 (0,0)
      141       100 (0,0)
      141       109 (0,0)
      141       141 (0,0)
      141       172 (0,0)
      141       181 (0,0)
      141       227 (0,0)
      141       261 (0,0)
      142        16 (0,0)
      142       101 (0,0)
      142       107 (0,0)
      142       142 (0,0)
      142       180 (0,0)
      142       183 (0,0)
      142       186 (0,0)
      142       248 (0,0)
      143        33 (0,0)
      143        34 (0,0)
      143        96 (0,0)
      143       106 (0,0)
      143       143 (0,0)
      143       156 (0,0)
      143       188 (0,0)
      143       202 (0,0)
      144        92 (0,0)
      144       115 (0,0)
      144       127 (0,0)
      144       144 (0,0)
      144       203 (0,0)
      144       249 (0,0)
      144       255 (0,0)
      144       274 (0,0)
      145        90 (0,0)
      145        93 (0,0)
      145       126 (0,0)
      145       145 (0,0)
      145       213 (0,0)
      145       233 (0,0)
      145       236 (0,0)
      145       260 (0,0)
      145       285 (0,0)
      146        30 (0,0)
      146        94 (0,0)
      146       105 (0,0)
      146       146 (0,0)
      146       198 (0,0)
      146       232 (0,0)
      146       272 (0,0)
      147       105 (0,0)
      147       116 (0,0)
      147       147 (0,0)
      147       162 (0,0)
      147       194 (0,0)
      147       251 (0,0)
      147       279 (0,0)
      147       281 (0,0)
      148        96 (0,0)
      148       109 (0,0)
      148       148 (0,0)
      148       173 (0,0)
      148       225 (0,0)
      148       240 (0,0)
      148       258 (0,0)
      148       289 (0,0)
      149        31 (0,0)
      149        32 (0,0)
      149        94 (0,0)
      149       106 (0,0)
      149       149 (0,0)
      149       196 (0,0)
      149       202 (0,0)
      149       232 (0,0)
      150        80 (0,0)
      150       122 (0,0)
      150       150 (0,0)
      150       175 (0,0)
      150       210 (0,0)
      150       286 (0,0)
      150       288 (0,0)
      151        74 (0,0)
      151        75 (0,0)
      151       108 (0,0)
      151       125 (0,0)
      151       151 (0,0)
      151       221 (0,0)
      151       246 (0,0)
      151       270 (0,0)
      151       278 (0,0)
      152        21 (0,0)
      152        22 (0,0)
      152        92 (0,0)
      152       111 (0,0)
      152       152 (0,0)
      152       174 (0,0)
      152       222 (0,0)
      152       239 (0,0)
      152       282 (0,0)
      153        61 (0,0)
      153        62 (0,0)
      153        93 (0,0)
      153       112 (0,0)
      153       153 (0,0)
      153       217 (0,0)
      153       231 (0,0)
      153       233 (0,0)
      153       283 (0,0)
      154        13 (0,0)
      154        98 (0,0)
      154       104 (0,0)
      154       154 (0,0)
      154       214 (0,0)
      154       216 (0,0)
      154       220 (0,0)
      155         4 (0,0)
      155        53 (0,0)
      155        95 (0,0)
      155       118 (0,0)
      155       155 (0,0)
      155       229 (0,0)
      155       230 (0,0)
      155       244 (0,0)
      155       266 (0,0)
      156        14 (0,0)
      156        96 (0,0)
      156       106 (0,0)
      156       143 (0,0)
      156       156 (0,0)
      156       191 (0,0)
      156       225 (0,0)
      156       289 (0,0)
      157        82 (0,0)
      157        83 (0,0)
      157        95 (0,0)
      157       122 (0,0)
      157       128 (0,0)
      157       157 (0,0)
      157       229 (0,0)
      157       241 (0,0)
      157       273 (0,0)
      158        50 (0,0)
      158        51 (0,0)
      158        89 (0,0)
      158       110 (0,0)
      158       158 (0,0)
      158       168 (0,0)
      158       252 (0,0)
      158       263 (0,0)
      159        90 (0,0)
      159       111 (0,0)
      159       115 (0,0)
      159       159 (0,0)
      159       215 (0,0)
      159       236 (0,0)
      159       239 (0,0)
      159       249 (0,0)
      160        55 (0,0)
      160        97 (0,0)
      160       129 (0,0)
      160       135 (0,0)
      160       160 (0,0)
      160       253 (0,0)
      160       280 (0,0)
      161        24 (0,0)
      161        25 (0,0)
      161        99 (0,0)
      161       117 (0,0)
      161       161 (0,0)
      161       182 (0,0)
      161       235 (0,0)
      161       237 (0,0)
      162        28 (0,0)
      162        29 (0,0)
      162       116 (0,0)
      162       147 (0,0)
      162       162 (0,0)
      162       189 (0,0)
      162       257 (0,0)
      162       279 (0,0)
      163        11 (0,0)
      163        78 (0,0)
      163        79 (0,0)
      163       107 (0,0)
      163       163 (0,0)
      163       186 (0,0)
      163       238 (0,0)
      164        84 (0,0)
      164        85 (0,0)
      164        97 (0,0)
      164       128 (0,0)
      164       132 (0,0)
      164       164 (0,0)
      164       273 (0,0)
      164       284 (0,0)
      165        57 (0,0)
      165        58 (0,0)
      165        98 (0,0)
      165       134 (0,0)
      165       165 (0,0)
      165       268 (0,0)
      165       290 (0,0)
      166        48 (0,0)
      166        49 (0,0)
      166       101 (0,0)
      166       110 (0,0)
      166       166 (0,0)
      166       199 (0,0)
      166       252 (0,0)
      166       271 (0,0)
      167        43 (0,0)
      167        44 (0,0)
      167       103 (0,0)
      167       114 (0,0)
      167       167 (0,0)
      167       177 (0,0)
      167       200 (0,0)
      167       243 (0,0)
      168        51 (0,0)
      168        52 (0,0)
      168        89 (0,0)
      168       118 (0,0)
      168       158 (0,0)
      168       168 (0,0)
      168       210 (0,0)
      168       244 (0,0)
      169        39 (0,0)
      169        40 (0,0)
      169       102 (0,0)
      169       113 (0,0)
      169       169 (0,0)
      169       176 (0,0)
      169       201 (0,0)
      169       245 (0,0)
      170         3 (0,0)
      170        41 (0,0)
      170        42 (0,0)
      170       113 (0,0)
      170       114 (0,0)
      170       170 (0,0)
      170       192 (0,0)
      170       243 (0,0)
      170       245 (0,0)
      171        67 (0,0)
      171       104 (0,0)
      171       126 (0,0)
      171       171 (0,0)
      171       209 (0,0)
      171       220 (0,0)
      171       265 (0,0)
      171       285 (0,0)
      172        77 (0,0)
      172        78 (0,0)
      172       100 (0,0)
      172       139 (0,0)
      172       141 (0,0)
      172       172 (0,0)
      172       238 (0,0)
      172       261 (0,0)
      173        91 (0,0)
      173        96 (0,0)
      173       131 (0,0)
      173       148 (0,0)
      173       173 (0,0)
      173       254 (0,0)
      173       258 (0,0)
      174        22 (0,0)
      174        23 (0,0)
      174       117 (0,0)
      174       152 (0,0)
      174       174 (0,0)
      174       237 (0,0)
      174       282 (0,0)
      175        17 (0,0)
      175        80 (0,0)
      175       119 (0,0)
      175       150 (0,0)
      175       175 (0,0)
      175       193 (0,0)
      175       286 (0,0)
      176        87 (0,0)
      176       102 (0,0)
      176       113 (0,0)
      176       169 (0,0)
      176       176 (0,0)
      176       192 (0,0)
      176       247 (0,0)
      177        87 (0,0)
      177       103 (0,0)
      177       114 (0,0)
      177       167 (0,0)
      177       177 (0,0)
      177       192 (0,0)
      177       228 (0,0)
      177       267 (0,0)
      178        10 (0,0)
      178        15 (0,0)
      178        77 (0,0)
      178       109 (0,0)
      178       178 (0,0)
      178       240 (0,0)
      178       261 (0,0)
      179        87 (0,0)
      179       100 (0,0)
      179       121 (0,0)
      179       179 (0,0)
      179       227 (0,0)
      179       228 (0,0)
      179       247 (0,0)
      180        88 (0,0)
      180       101 (0,0)
      180       137 (0,0)
      180       142 (0,0)
      180       180 (0,0)
      180       248 (0,0)
      180       276 (0,0)
      181        91 (0,0)
      181       109 (0,0)
      181       121 (0,0)
      181       141 (0,0)
      181       181 (0,0)
      181       190 (0,0)
      181       227 (0,0)
      181       258 (0,0)
      182        25 (0,0)
      182        26 (0,0)
      182        99 (0,0)
      182       123 (0,0)
      182       161 (0,0)
      182       182 (0,0)
      182       269 (0,0)
      182       287 (0,0)
      183        16 (0,0)
      183       101 (0,0)
      183       110 (0,0)
      183       142 (0,0)
      183       183 (0,0)
      183       234 (0,0)
      183       271 (0,0)
      184        88 (0,0)
      184       103 (0,0)
      184       120 (0,0)
      184       136 (0,0)
      184       184 (0,0)
      184       267 (0,0)
      184       275 (0,0)
      184       276 (0,0)
      185        88 (0,0)
      185       107 (0,0)
      185       139 (0,0)
      185       185 (0,0)
      185       211 (0,0)
      185       248 (0,0)
      185       275 (0,0)
      186        16 (0,0)
      186        79 (0,0)
      186       107 (0,0)
      186       142 (0,0)
      186       163 (0,0)
      186       186 (0,0)
      187        14 (0,0)
      187       108 (0,0)
      187       187 (0,0)
      187       191 (0,0)
      187       221 (0,0)
      187       242 (0,0)
      188        34 (0,0)
      188        35 (0,0)
      188        96 (0,0)
      188       131 (0,0)
      188       143 (0,0)
      188       188 (0,0)
      189         2 (0,0)
      189        29 (0,0)
      189       105 (0,0)
      189       162 (0,0)
      189       189 (0,0)
      189       272 (0,0)
      189       279 (0,0)
      190        91 (0,0)
      190       102 (0,0)
      190       121 (0,0)
      190       138 (0,0)
      190       181 (0,0)
      190       190 (0,0)
      190       247 (0,0)
      190       254 (0,0)
      191        14 (0,0)
      191       106 (0,0)
      191       108 (0,0)
      191       156 (0,0)
      191       187 (0,0)
      191       191 (0,0)
      191       196 (0,0)
      192        87 (0,0)
      192       113 (0,0)
      192       114 (0,0)
      192       170 (0,0)
      192       176 (0,0)
      192       177 (0,0)
      192       192 (0,0)
      193        16 (0,0)
      193        17 (0,0)
      193       119 (0,0)
      193       175 (0,0)
      193       193 (0,0)
      193       234 (0,0)
      194        72 (0,0)
      194       105 (0,0)
      194       125 (0,0)
      194       147 (0,0)
      194       194 (0,0)
      194       198 (0,0)
      194       206 (0,0)
      194       281 (0,0)
      195        19 (0,0)
      195        20 (0,0)
      195       111 (0,0)
      195       124 (0,0)
      195       195 (0,0)
      195       215 (0,0)
      195       222 (0,0)
      195       277 (0,0)
      196        94 (0,0)
      196       106 (0,0)
      196       108 (0,0)
      196       149 (0,0)
      196       191 (0,0)
      196       196 (0,0)
      196       270 (0,0)
      197         6 (0,0)
      197        99 (0,0)
      197       127 (0,0)
      197       130 (0,0)
      197       197 (0,0)
      197       235 (0,0)
      197       262 (0,0)
      197       274 (0,0)
      198        94 (0,0)
      198       105 (0,0)
      198       125 (0,0)
      198       146 (0,0)
      198       194 (0,0)
      198       198 (0,0)
      198       278 (0,0)
      199        47 (0,0)
      199        48 (0,0)
      199       101 (0,0)
      199       137 (0,0)
      199       166 (0,0)
      199       199 (0,0)
      200        44 (0,0)
      200        45 (0,0)
      200       103 (0,0)
      200       136 (0,0)
      200       167 (0,0)
      200       200 (0,0)
      201        37 (0,0)
      201        38 (0,0)
      201        39 (0,0)
      201       102 (0,0)
      201       138 (0,0)
      201       169 (0,0)
      201       201 (0,0)
      202        32 (0,0)
      202        33 (0,0)
      202       106 (0,0)
      202       143 (0,0)
      202       149 (0,0)
      202       202 (0,0)
      203        92 (0,0)
      203       117 (0,0)
      203       127 (0,0)
      203       144 (0,0)
      203       203 (0,0)
      203       235 (0,0)
      203       282 (0,0)
      204        63 (0,0)
      204        64 (0,0)
      204       112 (0,0)
      204       140 (0,0)
      204       204 (0,0)
      204       213 (0,0)
      204       217 (0,0)
      205        27 (0,0)
      205       116 (0,0)
      205       123 (0,0)
      205       205 (0,0)
      205       226 (0,0)
      205       257 (0,0)
      205       269 (0,0)
      206         7 (0,0)
      206        72 (0,0)
      206        73 (0,0)
      206       125 (0,0)
      206       194 (0,0)
      206       206 (0,0)
      206       246 (0,0)
      207        70 (0,0)
      207       123 (0,0)
      207       130 (0,0)
      207       207 (0,0)
      207       226 (0,0)
      207       256 (0,0)
      207       287 (0,0)
      208        59 (0,0)
      208        60 (0,0)
      208       133 (0,0)
      208       134 (0,0)
      208       208 (0,0)
      208       264 (0,0)
      209        93 (0,0)
      209       104 (0,0)
      209       133 (0,0)
      209       171 (0,0)
      209       209 (0,0)
      209       264 (0,0)
      209       283 (0,0)
      209       285 (0,0)
      210        89 (0,0)
      210       118 (0,0)
      210       122 (0,0)
      210       150 (0,0)
      210       168 (0,0)
      210       210 (0,0)
      210       229 (0,0)
      210       286 (0,0)
      211       100 (0,0)
      211       120 (0,0)
      211       139 (0,0)
      211       185 (0,0)
      211       211 (0,0)
      211       228 (0,0)
      211       275 (0,0)
      212         5 (0,0)
      212       115 (0,0)
      212       126 (0,0)
      212       212 (0,0)
      212       255 (0,0)
      212       260 (0,0)
      212       265 (0,0)
      213        90 (0,0)
      213       112 (0,0)
      213       140 (0,0)
      213       145 (0,0)
      213       204 (0,0)
      213       213 (0,0)
      213       233 (0,0)
      213       259 (0,0)
      214        13 (0,0)
      214        86 (0,0)
      214        98 (0,0)
      214       132 (0,0)
      214       154 (0,0)
      214       214 (0,0)
      214       284 (0,0)
      215        90 (0,0)
      215       111 (0,0)
      215       124 (0,0)
      215       159 (0,0)
      215       195 (0,0)
      215       215 (0,0)
      215       259 (0,0)
      216        98 (0,0)
      216       104 (0,0)
      216       134 (0,0)
      216       154 (0,0)
      216       216 (0,0)
      216       264 (0,0)
      217        62 (0,0)
      217        63 (0,0)
      217       112 (0,0)
      217       153 (0,0)
      217       204 (0,0)
      217       217 (0,0)
      218         1 (0,0)
      218        18 (0,0)
      218        65 (0,0)
      218       124 (0,0)
      218       140 (0,0)
      218       218 (0,0)
      218       259 (0,0)
      218       277 (0,0)
      219        36 (0,0)
      219        37 (0,0)
      219       131 (0,0)
      219       138 (0,0)
      219       219 (0,0)
      219       254 (0,0)
      220        13 (0,0)
      220        67 (0,0)
      220       104 (0,0)
      220       154 (0,0)
      220       171 (0,0)
      220       220 (0,0)
      221         8 (0,0)
      221        75 (0,0)
      221       108 (0,0)
      221       151 (0,0)
      221       187 (0,0)
      221       221 (0,0)
      221       242 (0,0)
      222        20 (0,0)
      222        21 (0,0)
      222       111 (0,0)
      222       152 (0,0)
      222       195 (0,0)
      222       222 (0,0)
      223        97 (0,0)
      223        98 (0,0)
      223       132 (0,0)
      223       135 (0,0)
      223       223 (0,0)
      223       290 (0,0)
      224        95 (0,0)
      224        97 (0,0)
      224       128 (0,0)
      224       129 (0,0)
      224       224 (0,0)
      224       266 (0,0)
      225        14 (0,0)
      225        15 (0,0)
      225       148 (0,0)
      225       156 (0,0)
      225       225 (0,0)
      225       240 (0,0)
      225       289 (0,0)
      226        70 (0,0)
      226       116 (0,0)
      226       123 (0,0)
      226       205 (0,0)
      226       207 (0,0)
      226       226 (0,0)
      226       251 (0,0)
      227       100 (0,0)
      227       121 (0,0)
      227       141 (0,0)
      227       179 (0,0)
      227       181 (0,0)
      227       227 (0,0)
      228        87 (0,0)
      228       100 (0,0)
      228       120 (0,0)
      228       177 (0,0)
      228       179 (0,0)
      228       211 (0,0)
      228       228 (0,0)
      228       267 (0,0)
      229        95 (0,0)
      229       118 (0,0)
      229       122 (0,0)
      229       155 (0,0)
      229       157 (0,0)
      229       210 (0,0)
      229       229 (0,0)
      230         4 (0,0)
      230        54 (0,0)
      230       129 (0,0)
      230       155 (0,0)
      230       230 (0,0)
      230       253 (0,0)
      230       266 (0,0)
      231        60 (0,0)
      231        61 (0,0)
      231       133 (0,0)
      231       153 (0,0)
      231       231 (0,0)
      231       283 (0,0)
      232        30 (0,0)
      232        31 (0,0)
      232        94 (0,0)
      232       146 (0,0)
      232       149 (0,0)
      232       232 (0,0)
      233        93 (0,0)
      233       112 (0,0)
      233       145 (0,0)
      233       153 (0,0)
      233       213 (0,0)
      233       233 (0,0)
      234        16 (0,0)
      234       110 (0,0)
      234       119 (0,0)
      234       183 (0,0)
      234       193 (0,0)
      234       234 (0,0)
      234       263 (0,0)
      235        99 (0,0)
      235       117 (0,0)
      235       127 (0,0)
      235       161 (0,0)
      235       197 (0,0)
      235       203 (0,0)
      235       235 (0,0)
      236        90 (0,0)
      236       115 (0,0)
      236       145 (0,0)
      236       159 (0,0)
      236       236 (0,0)
      236       260 (0,0)
      237        23 (0,0)
      237        24 (0,0)
      237       117 (0,0)
      237       161 (0,0)
      237       174 (0,0)
      237       237 (0,0)
      238        78 (0,0)
      238       107 (0,0)
      238       139 (0,0)
      238       163 (0,0)
      238       172 (0,0)
      238       238 (0,0)
      239        92 (0,0)
      239       111 (0,0)
      239       152 (0,0)
      239       159 (0,0)
      239       239 (0,0)
      239       249 (0,0)
      240        15 (0,0)
      240       109 (0,0)
      240       148 (0,0)
      240       178 (0,0)
      240       225 (0,0)
      240       240 (0,0)
      241        81 (0,0)
      241        82 (0,0)
      241       122 (0,0)
      241       157 (0,0)
      241       241 (0,0)
      241       288 (0,0)
      242         8 (0,0)
      242         9 (0,0)
      242        14 (0,0)
      242        76 (0,0)
      242       187 (0,0)
      242       221 (0,0)
      242       242 (0,0)
      243        42 (0,0)
      243        43 (0,0)
      243       114 (0,0)
      243       167 (0,0)
      243       170 (0,0)
      243       243 (0,0)
      244        52 (0,0)
      244        53 (0,0)
      244       118 (0,0)
      244       155 (0,0)
      244       168 (0,0)
      244       244 (0,0)
      245        40 (0,0)
      245        41 (0,0)
      245       113 (0,0)
      245       169 (0,0)
      245       170 (0,0)
      245       245 (0,0)
      246        73 (0,0)
      246        74 (0,0)
      246       125 (0,0)
      246       151 (0,0)
      246       206 (0,0)
      246       246 (0,0)
      247        87 (0,0)
      247       102 (0,0)
      247       121 (0,0)
      247       176 (0,0)
      247       179 (0,0)
      247       190 (0,0)
      247       247 (0,0)
      248        88 (0,0)
      248       107 (0,0)
      248       142 (0,0)
      248       180 (0,0)
      248       185 (0,0)
      248       248 (0,0)
      249        92 (0,0)
      249       115 (0,0)
      249       144 (0,0)
      249       159 (0,0)
      249       239 (0,0)
      249       249 (0,0)
      250        46 (0,0)
      250        47 (0,0)
      250       136 (0,0)
      250       137 (0,0)
      250       250 (0,0)
      250       276 (0,0)
      251        70 (0,0)
      251        71 (0,0)
      251       116 (0,0)
      251       147 (0,0)
      251       226 (0,0)
      251       251 (0,0)
      251       281 (0,0)
      252        49 (0,0)
      252        50 (0,0)
      252       110 (0,0)
      252       158 (0,0)
      252       166 (0,0)
      252       252 (0,0)
      253        54 (0,0)
      253        55 (0,0)
      253       129 (0,0)
      253       160 (0,0)
      253       230 (0,0)
      253       253 (0,0)
      254        91 (0,0)
      254       131 (0,0)
      254       138 (0,0)
      254       173 (0,0)
      254       190 (0,0)
      254       219 (0,0)
      254       254 (0,0)
      255         5 (0,0)
      255        66 (0,0)
      255       115 (0,0)
      255       144 (0,0)
      255       212 (0,0)
      255       255 (0,0)
      255       274 (0,0)
      256        68 (0,0)
      256        69 (0,0)
      256        70 (0,0)
      256       130 (0,0)
      256       207 (0,0)
      256       256 (0,0)
      256       262 (0,0)
      257        27 (0,0)
      257        28 (0,0)
      257       116 (0,0)
      257       162 (0,0)
      257       205 (0,0)
      257       257 (0,0)
      258        91 (0,0)
      258       109 (0,0)
      258       148 (0,0)
      258       173 (0,0)
      258       181 (0,0)
      258       258 (0,0)
      259        90 (0,0)
      259       124 (0,0)
      259       140 (0,0)
      259       213 (0,0)
      259       215 (0,0)
      259       218 (0,0)
      259       259 (0,0)
      260       115 (0,0)
      260       126 (0,0)
      260       145 (0,0)
      260       212 (0,0)
      260       236 (0,0)
      260       260 (0,0)
      261        77 (0,0)
      261       109 (0,0)
      261       141 (0,0)
      261       172 (0,0)
      261       178 (0,0)
      261       261 (0,0)
      262         6 (0,0)
      262        68 (0,0)
      262       130 (0,0)
      262       197 (0,0)
      262       256 (0,0)
      262       262 (0,0)
      263        89 (0,0)
      263       110 (0,0)
      263       119 (0,0)
      263       158 (0,0)
      263       234 (0,0)
      263       263 (0,0)
      263       286 (0,0)
      264       104 (0,0)
      264       133 (0,0)
      264       134 (0,0)
      264       208 (0,0)
      264       209 (0,0)
      264       216 (0,0)
      264       264 (0,0)
      265         5 (0,0)
      265        67 (0,0)
      265       126 (0,0)
      265       171 (0,0)
      265       212 (0,0)
      265       265 (0,0)
      266        95 (0,0)
      266       129 (0,0)
      266       155 (0,0)
      266       224 (0,0)
      266       230 (0,0)
      266       266 (0,0)
      267       103 (0,0)
      267       120 (0,0)
      267       177 (0,0)
      267       184 (0,0)
      267       228 (0,0)
      267       267 (0,0)
      268        56 (0,0)
      268        57 (0,0)
      268       135 (0,0)
      268       165 (0,0)
      268       268 (0,0)
      268       280 (0,0)
      268       290 (0,0)
      269        26 (0,0)
      269        27 (0,0)
      269       123 (0,0)
      269       182 (0,0)
      269       205 (0,0)
      269       269 (0,0)
      270        94 (0,0)
      270       108 (0,0)
      270       151 (0,0)
      270       196 (0,0)
      270       270 (0,0)
      270       278 (0,0)
      271       101 (0,0)
      271       110 (0,0)
      271       166 (0,0)
      271       183 (0,0)
      271       271 (0,0)
      272         2 (0,0)
      272        30 (0,0)
      272       105 (0,0)
      272       146 (0,0)
      272       189 (0,0)
      272       272 (0,0)
      273        83 (0,0)
      273        84 (0,0)
      273       128 (0,0)
      273       157 (0,0)
      273       164 (0,0)
      273       273 (0,0)
      274         6 (0,0)
      274        66 (0,0)
      274       127 (0,0)
      274       144 (0,0)
      274       197 (0,0)
      274       255 (0,0)
      274       274 (0,0)
      275        88 (0,0)
      275       120 (0,0)
      275       184 (0,0)
      275       185 (0,0)
      275       211 (0,0)
      275       275 (0,0)
      276        88 (0,0)
      276       136 (0,0)
      276       137 (0,0)
      276       180 (0,0)
      276       184 (0,0)
      276       250 (0,0)
      276       276 (0,0)
      277        18 (0,0)
      277        19 (0,0)
      277       124 (0,0)
      277       195 (0,0)
      277       218 (0,0)
      277       277 (0,0)
      278        94 (0,0)
      278       125 (0,0)
      278       151 (0,0)
      278       198 (0,0)
      278       270 (0,0)
      278       278 (0,0)
      279       105 (0,0)
      279       147 (0,0)
      279       162 (0,0)
      279       189 (0,0)
      279       279 (0,0)
      280        55 (0,0)
      280        56 (0,0)
      280       135 (0,0)
      280       160 (0,0)
      280       268 (0,0)
      280       280 (0,0)
      281        71 (0,0)
      281        72 (0,0)
      281       147 (0,0)
      281       194 (0,0)
      281       251 (0,0)
      281       281 (0,0)
      282        92 (0,0)
      282       117 (0,0)
      282       152 (0,0)
      282       174 (0,0)
      282       203 (0,0)
      282       282 (0,0)
      283        93 (0,0)
      283       133 (0,0)
      283       153 (0,0)
      283       209 (0,0)
      283       231 (0,0)
      283       283 (0,0)
      284        85 (0,0)
      284        86 (0,0)
      284       132 (0,0)
      284       164 (0,0)
      284       214 (0,0)
      284       284 (0,0)
      285        93 (0,0)
      285       126 (0,0)
      285       145 (0,0)
      285       171 (0,0)
      285       209 (0,0)
      285       285 (0,0)
      286        89 (0,0)
      286       119 (0,0)
      286       150 (0,0)
      286       175 (0,0)
      286       210 (0,0)
      286       263 (0,0)
      286       286 (0,0)
      287        99 (0,0)
      287       123 (0,0)
      287       130 (0,0)
      287       182 (0,0)
      287       207 (0,0)
      287       287 (0,0)
      288        80 (0,0)
      288        81 (0,0)
      288       122 (0,0)
      288       150 (0,0)
      288       241 (0,0)
      288       288 (0,0)
      289        96 (0,0)
      289       148 (0,0)
      289       156 (0,0)
      289       225 (0,0)
      289       289 (0,0)
      290        98 (0,0)
      290       135 (0,0)
      290       165 (0,0)
      290       223 (0,0)
      290       268 (0,0)
      290       290 (0,0)

